4.49179
6.39246

662

-213.701 -13.4282 7.09005 0.331753 -0.489319 0.80654 0.0839642 0.0718974 0.865588 0.495569 0.940622 0.106418 -0.322342 0.0311788 -0.00403712
-213.296 -13.3505 6.96669 0.336091 -0.486193 0.806635 0.059632 0.0664001 0.866556 0.494643 0.939486 0.112685 -0.323525 0.0335588 -0.00630811
-213.094 -13.2947 6.92332 0.336449 -0.489599 0.804422 0.0488972 0.0449156 0.861593 0.505609 0.94063 0.13398 -0.311872 0.031606 -0.00568773
-213.223 -13.4185 6.90353 0.336091 -0.486192 0.806635 0.0434295 0.0664 0.866556 0.494643 0.939486 0.112685 -0.323525 0.0335588 -0.00630811
-212.77 -13.1759 6.85609 0.335662 -0.490345 0.804297 0.0555191 0.0310694 0.859132 0.510809 0.94147 0.14647 -0.303613 0.0292477 -0.00651082
-212.895 -13.2974 6.84528 0.338454 -0.4855 0.806064 0.039362 0.0616389 0.866218 0.49585 0.938962 0.118137 -0.3231 0.0337719 -0.00663145
-212.642 -13.3107 6.71617 -0.340907 0.483373 -0.806309 0.0480058 -0.0768438 -0.869144 -0.488552 -0.936951 -0.104591 0.333442 -0.0346703 0.00583456
-213.309 -13.1083 7.12392 0.335391 -0.489199 0.805107 0.0811385 0.078864 0.866186 0.493459 0.938772 0.102008 -0.329092 0.0310767 -0.00584845
-213.346 -12.931 7.25687 -0.335862 0.496936 -0.800157 0.102453 -0.0751404 -0.860932 -0.50314 -0.938909 -0.108861 0.326494 -0.0245263 0.00514471
-212.853 -12.9277 7.05116 0.334805 -0.492111 0.803575 0.0763588 0.047473 0.860518 0.507204 0.941091 0.131666 -0.311468 0.0284729 -0.00647149
-212.967 -12.7983 7.18512 -0.334229 0.50281 -0.797165 0.0939815 -0.087797 -0.858738 -0.504837 -0.938394 -0.0987426 0.331161 -0.0216621 0.00499618
-212.417 -17.2533 4.69813 -0.418602 0.374662 -0.827285 0.281424 -0.584014 0.586551 0.561146 0.695485 0.718043 -0.0267235 0.0437479 0.00113658
-212.188 -17.3626 4.52358 -0.428207 0.380998 -0.819438 0.297143 -0.549027 0.610558 0.570779 0.71778 0.694305 -0.0522669 0.0456908 0.000181197
-212.883 -16.862 5.09469 0.402277 -0.358044 0.842602 0.239027 0.589935 -0.602431 -0.537637 -0.700107 -0.713359 0.0311218 -0.047698 0.0157908
-212.749 -16.9672 4.98852 -0.411202 0.356793 -0.838816 0.25305 -0.62767 0.556476 0.544394 0.661016 0.750356 -0.00487566 0.0474741 -0.0100597
-213.135 -16.6452 5.29385 0.381363 -0.339791 0.859712 0.210708 0.650553 -0.562077 -0.510735 0.656767 0.754064 0.00669742 -0.0307627 0.0289253
-212.879 -16.4832 5.2481 0.3664 -0.350846 0.861776 0.208153 0.60915 0.79056 0.0628611 0.70334 -0.501918 -0.503379 0.0329232 -0.0273254
-213.669 -16.3462 5.63404 -0.375368 0.341053 -0.861848 0.175629 -0.52103 -0.846664 -0.108116 -0.766568 0.408465 0.49551 -0.0512793 0.00367072
-213.132 -15.8449 5.61441 0.353617 -0.369358 0.859378 0.132391 0.338806 0.906928 0.250383 0.871875 -0.202623 -0.445846 0.0469927 -0.00101897
-212.85 -15.6609 5.5828 0.351653 -0.378596 0.856158 0.126367 0.197384 0.923996 0.327522 0.915085 -0.0538176 -0.399654 0.0449431 0.000540478
-213.55 -15.7391 5.84438 0.354548 -0.377703 0.855357 0.107773 0.221807 0.922646 0.315477 0.908349 -0.0778728 -0.4109 0.0490829 0.000700854
-213.208 -15.4266 5.83081 0.347848 -0.396509 0.849578 0.0897725 0.191231 0.917123 0.349736 0.917841 -0.0408108 -0.394845 0.0480355 -0.000479702
-212.792 -15.239 5.7434 0.346761 -0.401358 0.847743 0.0925412 0.153832 0.915919 0.370712 0.925253 -0.00186161 -0.379347 0.0487864 -0.000995305
-212.998 -15.2729 5.81862 0.348844 -0.399045 0.84798 0.0805788 0.179855 0.916508 0.357304 0.919761 -0.0278697 -0.391489 0.0478995 -0.00044748
-213.874 -15.644 6.01174 -0.352089 0.380419 -0.85517 0.114169 -0.248566 -0.918871 -0.306417 -0.902357 0.10468 0.418083 -0.0472089 -0.000684739
-214.078 -15.4123 6.19752 -0.348634 0.390776 -0.851909 0.109565 -0.226395 -0.917132 -0.328045 -0.909505 0.0785007 0.408214 -0.0450268 -0.00107274
-213.55 -15.3458 6.0122 0.348879 -0.394227 0.850217 0.0752878 0.215384 0.916664 0.336656 0.912082 -0.065671 -0.404715 0.0481743 -2.16367e-05
-213.708 -15.2502 6.11771 0.347966 -0.399293 0.848224 0.0767948 0.226762 0.913747 0.337113 0.909669 -0.0750415 -0.408498 0.0488337 0.00092522
-213.208 -15.1328 5.97256 -0.345927 0.399738 -0.848849 0.0580492 -0.185767 -0.915974 -0.355644 -0.919688 0.0346613 0.391118 -0.0479894 0.000772883
-213.216 -14.9603 6.05205 0.346259 -0.416163 0.840781 0.0535868 0.17988 0.909045 0.375872 0.920732 -0.0210909 -0.389625 0.0496611 -0.00240368
-212.96 -14.8995 5.97309 0.345947 -0.418877 0.839561 0.0586543 0.16341 0.908035 0.385707 0.923914 -0.00375898 -0.382581 0.0487488 -0.00301919
-213.029 -14.8631 6.02534 0.345947 -0.418878 0.839561 0.0457356 0.16341 0.908035 0.385707 0.923914 -0.00375908 -0.382581 0.0487488 -0.00301919
-212.72 -14.6995 5.97517 0.347266 -0.424025 0.836427 0.0544674 0.105751 0.903952 0.414351 0.931785 0.0554365 -0.358753 0.0484062 -0.00833572
-214.291 -15.2461 6.35938 0.351129 -0.401277 0.845982 0.123116 0.167297 0.915859 0.364985 0.92126 -0.013373 -0.388717 0.0445658 0.00421232
-213.857 -15.098 6.24878 0.347591 -0.403351 0.846457 0.0797472 0.233931 0.911504 0.338285 0.907996 -0.0804277 -0.411187 0.0485001 0.00289641
-214.063 -14.9003 6.43022 0.347243 -0.407582 0.844571 0.0858008 0.21724 0.911074 0.350358 0.912266 -0.0618158 -0.404907 0.0494161 0.00430836
-213.578 -14.88 6.24186 0.344185 -0.416525 0.841453 0.0482376 0.22424 0.906742 0.357121 0.911731 -0.065772 -0.405489 0.0500466 -0.00020635
-213.655 -14.82 6.30087 0.343866 -0.417104 0.841297 0.0518916 0.206424 0.907593 0.365601 0.916049 -0.0479462 -0.398191 0.0496873 0.00194682
-213.235 -14.7129 6.18641 0.337565 -0.428174 0.838282 0.0316975 0.167828 0.903663 0.393988 0.92622 -0.00769096 -0.376904 0.0503178 -0.00227374
-213.308 -14.6615 6.24276 0.339963 -0.430005 0.836374 0.0304584 0.178495 0.902682 0.391542 0.923344 -0.0161784 -0.383632 0.0515256 -0.00203818
-212.852 -14.6287 6.07928 0.343615 -0.427124 0.836358 0.0357075 0.127641 0.903562 0.409004 0.930396 0.0337865 -0.364996 0.049328 -0.00698757
-213.055 -14.4529 6.24504 0.342834 -0.437662 0.831214 0.0250487 0.145673 0.898904 0.413221 0.928032 0.0205808 -0.371931 0.0476606 -0.00734183
-212.606 -14.376 6.09524 0.345717 -0.445275 0.82596 0.0448829 0.0794791 0.890969 0.447055 0.934967 0.0889081 -0.343413 0.0464978 -0.00989533
-212.739 -14.2769 6.20328 0.34539 -0.44711 0.825105 0.0335452 0.0743099 0.889482 0.450888 0.935513 0.0944186 -0.340443 0.0463703 -0.0100212
-213.872 -14.6285 6.47909 0.346081 -0.428116 0.834832 0.0687622 0.203403 0.902893 0.378698 0.915891 -0.0387473 -0.399554 0.0506889 0.002034
-214.079 -14.4345 6.67309 0.345847 -0.43298 0.832417 0.0850994 0.213769 0.900192 0.379417 0.913615 -0.0467249 -0.403886 0.0527823 0.00570758
-213.59 -14.4062 6.48788 0.338279 -0.440744 0.831452 0.0363415 0.213299 0.896456 0.38842 0.916554 -0.0459531 -0.397263 0.0533414 0.00125721
-213.665 -14.3428 6.54732 0.337951 -0.442836 0.830473 0.0447195 0.201562 0.895971 0.395738 0.919327 -0.0336516 -0.392053 0.0533253 0.00163353
-213.25 -14.2641 6.42814 -0.339086 0.446781 -0.827893 0.0189328 -0.1106 -0.89286 -0.436541 -0.934231 -0.0564602 0.35217 -0.049583 0.00712207
-213.322 -14.2006 6.4897 0.336175 -0.449558 0.827577 0.0214142 0.114531 0.891712 0.437873 0.93481 0.0524186 -0.35126 0.0493376 -0.00453767
-212.858 -14.2016 6.30333 0.34539 -0.44711 0.825105 0.0182965 0.0743098 0.889482 0.450888 0.935513 0.0944187 -0.340442 0.0463703 -0.0100212
-213.112 -14.1295 6.44725 0.34141 -0.453787 0.823114 0.0192464 0.106426 0.888764 0.445838 0.93387 0.064613 -0.351727 0.0451848 -0.00839424
-212.679 -13.6469 6.53206 -0.34174 0.469696 -0.814002 0.0359973 -0.072993 -0.876798 -0.475287 -0.936955 -0.103008 0.333922 -0.0409639 0.00805172
-212.597 -13.8402 6.38572 0.341524 -0.464476 0.817082 0.0335966 0.0735745 0.879898 0.469431 0.936989 0.100206 -0.33468 0.0433936 -0.008883
-212.735 -14.1246 6.28759 0.346066 -0.448089 0.824291 0.0274915 0.0709715 0.888563 0.453232 0.935522 0.0983468 -0.339303 0.0466901 -0.0097211
-213.681 -13.8785 6.81095 0.337548 -0.47042 0.815332 0.0558124 0.142128 0.881709 0.449876 0.930517 0.0359728 -0.364479 0.0450761 -0.00211783
-213.605 -13.9449 6.75039 0.333813 -0.463931 0.820571 0.0432514 0.152315 0.885611 0.43874 0.930252 0.0214711 -0.366292 0.0481118 -0.00118231
-213.342 -13.7443 6.75627 0.336002 -0.471639 0.815267 0.0314541 0.0562869 0.874099 0.482476 0.940178 0.116224 -0.320246 0.0416518 -0.00691164
-213.199 -13.8719 6.62376 0.338324 -0.470372 0.815038 0.0212243 0.0676866 0.876033 0.477477 0.938592 0.106375 -0.328221 0.0438037 -0.00630118
-213.069 -13.7431 6.64529 -0.337375 0.471825 -0.814591 0.0235376 -0.0523377 -0.873388 -0.484205 -0.939914 -0.120725 0.319353 -0.0421237 0.00667238
-212.863 -13.7441 6.5621 0.340759 -0.470981 0.813671 0.0180376 0.072011 0.876002 0.476902 0.937389 0.103915 -0.332421 0.0420313 -0.00852173
-212.75 -13.6237 6.58004 -0.341733 0.473891 -0.81157 0.0285008 -0.0733942 -0.874379 -0.479662 -0.936927 -0.104352 0.333585 -0.0398761 0.00819943
-213.099 -20.0559 3.74552 0.465097 -0.353811 0.811482 0.263436 0.124634 0.9337 0.335665 0.876442 0.0549784 -0.478358 0.0175168 -0.00808235
-213.042 -20.109 3.68718 0.463896 -0.351798 0.813043 0.268063 0.105878 0.933208 0.343383 0.87954 0.0732106 -0.470159 0.0173769 -0.00754571
-212.526 -19.3896 3.70563 0.471268 -0.368674 0.80124 0.308424 0.0976393 0.92467 0.368038 0.876569 0.0952122 -0.471765 0.0232512 -0.0173119
-213.438 -19.8158 4.04537 -0.462022 0.359348 -0.810805 0.258058 -0.253375 -0.929613 -0.267622 -0.849904 0.0817908 0.520551 -0.0196192 0.000393469
-213.375 -19.8609 3.99108 0.462796 -0.358071 0.810928 0.257874 0.22218 0.932444 0.284929 0.85817 -0.0483079 -0.511088 0.0198345 -0.000589106
-213.105 -19.6774 3.91773 0.460775 -0.363317 0.809745 0.264869 0.105664 0.928339 0.356401 0.881204 0.0786602 -0.466145 0.0194246 -0.00856448
-212.871 -19.01 4.09153 -0.463901 0.377845 -0.801267 0.276006 -0.26226 -0.922512 -0.283181 -0.846177 0.0787718 0.527048 -0.0214145 0.0131006
-213.635 -19.3335 4.37667 0.457205 -0.370962 0.808301 0.272818 0.354094 0.909642 0.217184 0.815832 -0.186917 -0.547248 0.0174894 -0.00146137
-213.563 -19.5579 4.23063 0.459146 -0.365128 0.809856 0.263973 0.360144 0.909861 0.206033 0.812085 -0.197066 -0.549257 0.0200907 0.00279985
-213.381 -19.4229 4.19042 0.456637 -0.370673 0.808754 0.261544 0.227649 0.927486 0.296556 0.860034 -0.0486939 -0.507908 0.0204041 -0.0045034
-213.08 -18.8395 4.2958 0.460248 -0.381365 0.801706 0.267534 0.290216 0.918052 0.270101 0.839015 -0.108354 -0.53321 0.0182788 -0.0130512
-212.632 -17.6242 4.6347 -0.421764 0.371091 -0.827289 0.277984 -0.535368 0.634458 0.557533 0.731776 0.678051 -0.0689212 0.0444727 -0.00321989
-212.612 -17.9659 4.45593 -0.433436 0.385536 -0.814552 0.283889 -0.511308 0.639094 0.574564 0.74209 0.665524 -0.0798786 0.0462176 -0.00914861
-212.862 -18.635 4.27054 0.451541 -0.386402 0.804242 0.273135 0.543237 -0.595989 -0.591346 -0.707817 -0.703911 0.0592062 -0.0201638 0.0151311
-212.372 -17.8432 4.38018 0.441227 -0.393824 0.806363 0.294561 0.601583 -0.536954 -0.591421 0.665895 0.746045 0 -0.0613258 0.00716123
-213.419 -18.8044 4.502 -0.454109 0.375197 -0.808092 0.277535 -0.607756 0.532765 0.588892 0.651473 0.758544 -0.013904 0.0235076 -0.0128784
-213.611 -18.6292 4.69551 -0.451936 0.374842 -0.809473 0.287536 -0.569692 0.577 0.585254 0.686444 0.725648 -0.0472225 0.0250854 -0.0119533
-213.051 -17.3127 4.98822 0.407553 -0.364111 0.837451 0.257282 0.587766 -0.59726 -0.545721 -0.698878 -0.714636 0.0294023 -0.0487377 0.0140301
-212.99 -17.7821 4.7513 -0.421229 0.372089 -0.827113 0.27168 -0.538014 0.631663 0.55816 0.730142 0.680112 -0.0658853 0.0454368 -0.0109107
-213.227 -18.4238 4.5796 -0.446634 0.38871 -0.805867 0.276208 -0.422516 0.702307 0.572927 0.788669 0.59638 -0.149438 0.0424183 -0.0199132
-212.698 -17.5928 4.68998 -0.416316 0.370338 -0.83038 0.271504 -0.535455 0.63825 0.553104 0.734826 0.674897 -0.0674144 0.0461903 -0.00501877
-214.539 -18.9952 5.0469 -0.453248 0.356 -0.817209 0.356407 -0.282543 0.812135 0.510497 0.84542 0.462278 -0.267513 0.0314743 -0.00185037
-214.144 -18.4889 5.04896 -0.447662 0.348231 -0.82361 0.32146 -0.412878 0.736501 0.535815 0.793177 0.579915 -0.185926 0.0470085 -0.0106892
-214.317 -18.9412 4.93953 -0.4493 0.367568 -0.814262 0.342556 -0.513425 0.639652 0.572049 0.731111 0.675084 -0.0986767 0.0227418 -0.0101083
-213.993 -18.6118 4.91571 -0.448356 0.358146 -0.818968 0.309705 -0.461255 0.692106 0.555188 0.76565 0.626675 -0.145114 0.045917 -0.0112705
-213.658 -18.1396 4.93881 -0.429539 0.354392 -0.830604 0.29192 -0.459794 0.7058 0.538921 0.777229 0.613394 -0.140221 0.0585126 -0.0257497
-213.53 -17.423 5.16537 0.406906 -0.347533 0.844777 0.26652 0.538547 -0.655712 -0.529158 -0.737831 -0.67027 0.0796504 -0.050709 0.0199615
-213.315 -17.132 5.1808 -0.389333 0.347716 -0.852944 0.246572 -0.586068 0.620868 0.520622 0.710594 0.702579 -0.0379385 0.0361481 -0.0212057
-213.236 -17.1232 5.14651 -0.402277 0.358044 -0.842602 0.24832 -0.589935 0.602431 0.537637 0.700107 0.71336 -0.0311216 0.0476979 -0.0157908
-214.745 -18.8696 5.21556 0.448157 -0.353234 0.821208 0.379392 0.277061 -0.818507 -0.503272 -0.849937 -0.453069 0.268952 -0.0362857 0.00234317
-214.579 -18.2634 5.36213 -0.440643 0.333603 -0.833392 0.354376 -0.356284 0.787136 0.503467 0.823951 0.518774 -0.227989 0.056709 -0.0109736
-214.433 -17.7948 5.46643 -0.418977 0.31793 -0.850517 0.314251 -0.377378 0.790991 0.481581 0.82586 0.522737 -0.211427 0.0442688 -0.0274749
-214.077 -17.7953 5.28622 0.415798 -0.324109 0.849744 0.301678 0.412379 -0.76558 -0.493793 -0.81059 -0.555735 0.184671 -0.0479761 0.0269364
-213.718 -17.1334 5.3655 0.394016 -0.317387 0.862564 0.243887 0.555641 -0.665312 -0.498621 -0.73213 -0.675741 0.0857908 -0.0335368 0.0258675
-214.422 -17.0144 5.72774 -0.401644 0.306354 -0.863035 0.25664 0.843548 0.490635 -0.218412 -0.356524 0.815735 0.455485 -0.0248093 0.0237457
-214.115 -16.7407 5.68577 -0.389432 0.31797 -0.864429 0.217853 -0.596666 -0.802061 -0.026226 -0.701663 0.505563 0.50207 -0.0446498 0.00267617
-212.984 -20.7379 3.38429 -0.465449 0.344529 -0.815265 0.2727 -0.225377 -0.936898 -0.267259 -0.855899 0.0593465 0.513727 -0.0128111 0.000569329
-213.085 -21.0312 3.31504 -0.468876 0.340641 -0.814935 0.271822 -0.313927 -0.926668 -0.206726 -0.825594 0.158901 0.541429 -0.0143905 -0.000444839
-213.342 -20.3273 3.7659 0.462671 -0.351631 0.813813 0.255626 0.211484 0.935251 0.283868 0.860936 -0.0407706 -0.507078 0.0160361 -0.00059612
-213.348 -20.6547 3.62857 -0.465854 0.346504 -0.814196 0.251922 -0.223565 -0.936377 -0.270586 -0.856153 0.0559718 0.513681 -0.0137586 4.7693e-05
-213.149 -20.5675 3.55485 0.464451 -0.348705 0.814058 0.257556 0.208297 0.936443 0.282287 0.860754 -0.0384576 -0.507566 0.0145938 -0.00053235
-213.178 -20.939 3.41795 0.46745 -0.34094 0.815629 0.258809 0.316281 0.926065 0.205837 0.825504 -0.161749 -0.540723 0.0139597 0.000732258
-213.13 -20.9545 3.38028 0.467526 -0.341876 0.815194 0.262208 0.275953 0.932546 0.232827 0.839803 -0.116103 -0.530331 0.0130796 0.000392039
-213.298 -21.1795 3.37403 -0.467963 0.339784 -0.815817 0.262804 -0.328449 -0.923879 -0.196389 -0.820446 0.176051 0.543943 -0.0138582 -0.000769534
-213.602 -20.1331 3.99724 -0.4626 0.354959 -0.812407 0.254769 -0.235948 -0.932596 -0.273119 -0.854593 0.0653413 0.515171 -0.0176874 -7.16565e-05
-213.608 -20.4632 3.85678 0.464235 -0.351077 0.813161 0.252411 0.232701 0.93418 0.270476 0.854597 -0.0636592 -0.515375 0.0157204 9.00982e-06
-213.471 -20.2993 3.85215 0.462849 -0.352845 0.813186 0.250853 0.229785 0.933765 0.274376 0.856137 -0.0598638 -0.51327 0.0164683 -5.43069e-05
-213.555 -20.5915 3.77481 0.464796 -0.344992 0.815442 0.245919 0.271837 0.932091 0.239398 0.842656 -0.110396 -0.527013 0.0155753 0.00150495
-213.423 -20.6444 3.67743 -0.466645 0.345601 -0.814127 0.248053 -0.267528 -0.93253 -0.242521 -0.843013 0.10463 0.527618 -0.0142846 -0.000858954
-213.43 -20.7688 3.6299 0.467344 -0.344199 0.81432 0.246611 0.321471 0.924207 0.206152 0.823557 -0.165436 -0.542572 0.0158062 0.00119435
-213.851 -19.6468 4.35487 0.459281 -0.364537 0.810046 0.273477 0.39254 0.901334 0.183056 0.796852 -0.233901 -0.55706 0.0206176 0.00395683
-213.947 -19.9956 4.25502 0.464836 -0.357509 0.810009 0.266459 0.530637 0.844838 0.0683677 0.708768 -0.398042 -0.582419 0.0230382 0.00612288
-213.807 -19.9277 4.20649 0.458998 -0.359514 0.812447 0.263378 0.405654 0.898386 0.168365 0.790421 -0.252293 -0.558196 0.0210409 0.00541497
-213.885 -20.3256 4.07752 0.467413 -0.35023 0.811705 0.254638 0.533036 0.844151 0.0572853 0.705264 -0.405892 -0.581252 0.0195698 0.00583195
-213.819 -20.3201 4.04342 0.465472 -0.350456 0.812722 0.254405 0.454548 0.882569 0.12024 0.759422 -0.313452 -0.57011 0.0183799 0.00415124
-213.826 -20.6491 3.90257 0.466983 -0.344444 0.814424 0.248479 0.47531 0.874424 0.0972811 0.745659 -0.341675 -0.572058 0.0172222 0.00518177
-214.131 -20.1497 4.28993 0.465809 -0.35028 0.812605 0.274402 0.573219 0.819037 0.0244663 0.674124 -0.454403 -0.582301 0.0198376 0.00796201
-213.942 -19.6757 4.39249 0.460899 -0.361973 0.810276 0.279355 0.454415 0.88052 0.134874 0.762285 -0.306038 -0.570317 0.0221453 0.0016944
-213.868 -19.2778 4.53499 0.456004 -0.37141 0.808773 0.29065 0.584821 0.81006 0.0422662 0.670853 -0.453714 -0.5866 0.0128285 -0.00807187
-214.087 -20.2413 4.22873 0.466251 -0.349372 0.812742 0.266307 0.573672 0.818766 0.0228589 0.673433 -0.455587 -0.582175 0.0198237 0.00860873
-214.091 -19.3314 4.64063 0.456836 -0.369547 0.809157 0.303738 -0.661671 -0.749135 0.0314332 0.594552 -0.549756 -0.586751 0.0126922 -0.0107367
-214.295 -19.8364 4.51689 0.471336 -0.357235 0.806365 0.308424 -0.679955 -0.729483 0.0742717 0.561697 -0.583299 -0.586736 0.0260005 0.00851865
-215.006 -20.173 4.81024 -0.489738 0.34358 -0.801318 0.357537 0.854855 0.369914 -0.36385 -0.171408 0.863201 0.474872 -0.0246571 -0.0122345
-215.834 -19.0805 5.75395 -0.459667 0.325535 -0.826277 0.498118 -0.180696 0.876652 0.445904 0.869515 0.354272 -0.344145 0.109174 -0.0645969
-216.443 -18.6455 6.21211 -0.474297 0.245614 -0.845409 0.569586 0.712682 0.670888 -0.204923 -0.516842 0.699702 0.493245 -0.0382111 0.0254622
-217.2 -18.552 6.67406 0.477937 -0.242216 0.844338 0.646756 -0.845323 -0.388102 0.367159 0.238758 -0.889217 -0.39024 0.00619097 -0.00390322
-218.331 -19.6434 6.9965 0.489905 -0.250238 0.835089 0.798387 -0.231493 0.886186 0.401355 0.840478 0.389943 -0.376219 0.0533737 -0.0191983
-214.36 -23.2492 3.18304 0.489199 -0.302974 0.817857 0.269287 0.488022 0.872273 0.0312233 0.722852 -0.383863 -0.574573 0.0138978 0.00981281
-213.839 -22.5861 3.12303 -0.485739 0.31157 -0.816689 0.269513 -0.390663 -0.913192 -0.116033 -0.781947 0.262688 0.565292 -0.0201077 -0.00429659
-214.053 -23.2161 3.02079 0.483849 -0.302709 0.821132 0.282793 0.234897 0.948765 0.211348 0.843038 -0.0906211 -0.530165 0.0139731 0.00877138
-213.534 -22.3308 3.04289 0.479592 -0.332202 0.812178 0.28055 -0.61117 -0.79061 0.0375159 0.629654 -0.514371 -0.582202 0.020605 -0.00724022
-215.147 -23.7201 3.49262 0.499995 -0.296728 0.813608 0.262129 -0.85855 -0.293029 0.420744 0.113565 -0.908893 -0.401269 0.0197489 0.00599333
-214.688 -23.0371 3.45695 0.491801 -0.30431 0.815798 0.250235 -0.744493 -0.632823 0.212759 0.451511 -0.711991 -0.537779 0.0178721 0.0109146
-214.91 -23.6152 3.38587 -0.496044 0.298464 -0.815389 0.261714 0.854459 0.334776 -0.397271 -0.154402 0.893781 0.421089 -0.0174432 -0.00698802
-214.494 -23.2482 3.26958 0.489913 -0.303477 0.817244 0.257482 -0.694244 -0.702809 0.155195 0.527266 -0.6434 -0.555002 0.0142565 0.00956423
-214.292 -22.9548 3.25682 0.486849 -0.305669 0.818257 0.253062 0.492513 0.869722 0.0318576 0.7214 -0.387481 -0.573969 0.0149273 0.00931081
-214.032 -22.3868 3.32155 0.48164 -0.317098 0.81699 0.243592 0.503495 0.863154 0.0381904 0.717296 -0.392959 -0.575387 0.0188458 0.00684452
-213.521 -21.3729 3.42951 0.469565 -0.336726 0.816164 0.246422 0.435302 0.892545 0.117795 0.768128 -0.299965 -0.565686 0.0139768 0.00185753
-213.485 -21.6426 3.30236 0.471151 -0.332859 0.816836 0.252026 0.577009 0.816738 0 0.667141 -0.471322 -0.57687 0.0132215 -0.000551596
-213.82 -22.1235 3.29647 -0.47799 0.324731 -0.816135 0.250052 0.588493 0.808172 -0.0231032 -0.652074 0.491333 0.5774 -0.0204323 -0.000841775
-213.38 -21.5716 3.26542 0.469751 -0.335474 0.816573 0.258636 0.581167 0.813785 0 0.664514 -0.474565 -0.577243 0.0122642 -2.72248e-05
-215.41 -23.5422 3.71817 -0.507336 0.295028 -0.809672 0.256905 0.859591 0.239691 -0.451277 -0.0609321 0.924936 0.375208 -0.0237988 -0.00579992
-215.344 -23.5768 3.66307 -0.507181 0.295325 -0.809661 0.255475 0.85896 0.249943 -0.446895 -0.0703901 0.922123 0.380439 -0.0241842 -0.00619833
-215.14 -23.3005 3.63762 0.499923 -0.299851 0.812506 0.247957 -0.849481 -0.352508 0.392582 0.168699 -0.886469 -0.430945 0.0193847 0.00923986
-214.88 -22.7367 3.68872 0.493986 -0.307702 0.813202 0.237182 -0.763012 -0.601853 0.235767 0.416883 -0.736948 -0.532087 0.019445 0.0110459
-214.443 -22.4121 3.55132 0.486706 -0.314344 0.815049 0.235672 0.511662 0.858803 0.0256801 0.708039 -0.404531 -0.578822 0.0183916 0.00826913
-214.503 -22.3278 3.62036 0.486846 -0.315434 0.814544 0.233076 0.529028 0.848514 0.0123931 0.695065 -0.424878 -0.579969 0.0189628 0.00839995
-213.843 -21.1311 3.71368 0.469237 -0.33868 0.815545 0.237711 0.417674 0.898818 0.132946 0.778052 -0.278249 -0.563216 0.0140462 0.00466873
-213.855 -21.5326 3.55672 0.470593 -0.332187 0.817431 0.236499 0.480432 0.873521 0.0783966 0.740086 -0.355827 -0.570666 0.0149705 0.00282503
-214.053 -21.9838 3.49111 -0.479195 0.328462 -0.813932 0.236937 0.613096 0.788858 -0.0426113 -0.628081 0.519437 0.579396 -0.019944 -0.00295471
-213.571 -21.1152 3.56568 0.467027 -0.339077 0.816647 0.243934 0.359575 0.916572 0.174932 0.807832 -0.211948 -0.549987 0.0139666 0.0018016
-215.733 -23.2847 4.01332 -0.516383 0.293467 -0.804504 0.262968 0.835175 0.380245 -0.397363 -0.189295 0.877092 0.441448 -0.0255634 -0.00998609
-215.667 -23.3234 3.95786 0.513169 -0.294453 0.806198 0.258486 -0.846028 -0.331734 0.41736 0.14455 -0.896242 -0.419351 0.025314 0.00926164
-215.398 -23.1255 3.86036 0.504755 -0.299577 0.809615 0.250684 -0.850562 -0.332874 0.407112 0.147538 -0.894119 -0.422829 0.0231214 0.0111645
-215.2 -22.488 3.98179 0.500735 -0.309659 0.808317 0.247451 -0.832798 -0.426978 0.35233 0.236032 -0.849589 -0.471686 0.022352 0.0125684
-214.831 -22.2527 3.84777 0.489171 -0.318109 0.812107 0.238338 -0.701634 -0.696622 0.149755 0.518093 -0.643059 -0.563964 0.0235513 0.00992685
-214.897 -22.2127 3.90052 0.490385 -0.318073 0.811389 0.241743 -0.732684 -0.6546 0.186208 0.471908 -0.685805 -0.554054 0.0242845 0.00986402
-214.107 -20.9309 3.94555 -0.47044 0.340664 -0.814024 0.249388 0.659311 -0.477434 -0.580832 -0.586511 -0.809941 0 -0.017393 -0.00731841
-214.127 -21.3692 3.77819 0.474453 -0.333667 0.814593 0.242373 -0.609829 -0.791934 0.0308046 0.634826 -0.511376 -0.579215 0.0173873 0.00612124
-214.454 -21.843 3.78095 0.482787 -0.324495 0.8134 0.234869 -0.672684 -0.732124 0.107195 0.560725 -0.598913 -0.571743 0.0215872 0.00849292
-213.91 -21.0916 3.76704 0.46952 -0.339736 0.814942 0.240331 0.429512 0.894317 0.125368 0.771408 -0.291164 -0.56582 0.0154261 0.00501984
-215.966 -23.0097 4.26022 0.517291 -0.301714 0.800861 0.292557 -0.807077 -0.483261 0.339243 0.28467 -0.821844 -0.493493 0.0246587 0.013379
-215.922 -23.1159 4.19615 0.519244 -0.297465 0.801187 0.27823 -0.815709 -0.452175 0.360772 0.25496 -0.840864 -0.477434 0.0257508 0.0118629
-215.717 -22.8634 4.16226 0.512492 -0.301505 0.804019 0.267414 -0.833467 -0.399943 0.381285 0.206602 -0.865529 -0.456262 0.0238119 0.013547
-215.458 -22.3026 4.21036 0.505149 -0.311862 0.804716 0.26921 -0.853743 -0.317012 0.413069 0.126284 -0.895682 -0.426388 0.0234896 0.0127896
-215.027 -21.9181 4.09715 0.492997 -0.317317 0.810101 0.256368 -0.773568 -0.586006 0.241226 0.39818 -0.745592 -0.534365 0.0256501 0.010523
-215.228 -21.9524 4.20997 -0.497968 0.316722 -0.807289 0.263638 0.810212 0.501806 -0.302898 -0.309167 0.804909 0.506495 -0.0251332 -0.00984506
-214.473 -20.5758 4.31534 0.477269 -0.342859 0.809112 0.271238 -0.770714 -0.605643 0.197979 0.422154 -0.718084 -0.553301 0.0235846 0.0114186
-214.524 -21.0428 4.14834 0.477824 -0.336465 0.811465 0.258362 -0.712669 -0.688555 0.134147 0.513603 -0.642404 -0.568796 0.020205 0.00940131
-214.783 -21.5722 4.08847 0.486636 -0.326612 0.810253 0.252143 -0.734878 -0.654555 0.177515 0.472377 -0.681822 -0.55855 0.0246194 0.0104804
-214.309 -20.7657 4.13984 0.47433 -0.341458 0.811429 0.256275 -0.669764 -0.738155 0.0808951 0.571338 -0.581837 -0.578825 0.0211262 0.00860998
-215.874 -22.3102 4.475 0.513225 -0.311446 0.799751 0.3025 -0.853519 -0.282964 0.437535 0.0900328 -0.907156 -0.411049 0.0223835 0.0137511
-216.089 -22.4082 4.57971 0.519456 -0.310308 0.796163 0.319511 -0.841121 -0.3499 0.412414 0.150604 -0.883899 -0.442764 0.0231307 0.0140281
-215.424 -21.8405 4.37387 0.50436 -0.315523 0.803782 0.284861 -0.840894 -0.391039 0.374146 0.196259 -0.8646 -0.462546 0.0248565 0.0107574
-214.907 -20.9163 4.42751 0.484959 -0.338556 0.806346 0.292856 -0.832628 -0.460748 0.307314 0.26748 -0.820421 -0.505335 0.0206275 0.0125358
-215.041 -21.3953 4.30941 0.486729 -0.328442 0.809457 0.282649 -0.76717 -0.603884 0.216272 0.417785 -0.726258 -0.545899 0.0253181 0.0114159
-214.545 -20.5034 4.3816 -0.476839 0.344845 -0.808521 0.286503 0.787011 0.577141 -0.217995 -0.391457 0.740263 0.5466 -0.0240632 -0.0121495
-216.803 -19.514 6.1664 -0.476491 0.243262 -0.844855 0.622954 0.644089 0.75067 -0.147118 -0.598419 0.614262 0.51437 -0.00371666 0.000446661
-219.27 -20.7289 7.22499 -0.464447 0.225938 -0.856295 0.862238 -0.749825 0.414161 0.515978 0.471223 0.881716 -0.0229418 0.00282128 -0.000975585
-218.72 -19.6912 7.21052 0.489905 -0.250238 0.835089 0.837659 -0.231493 0.886186 0.401355 0.840478 0.389943 -0.376219 0.0533737 -0.0191983
-218.923 -20.3898 7.11991 0.46905 -0.229589 0.852808 0.844386 -0.249765 0.891717 0.377437 0.847118 0.390039 -0.360916 0.0394702 -0.0162827
-219.071 -20.9283 7.06731 0.466664 -0.232105 0.853435 0.835112 0.830078 -0.218128 -0.513216 0.305278 0.947917 0.0908726 -0.00367929 0.00108703
-218.806 -20.77 6.96117 -0.465962 0.213548 -0.858648 0.816822 0.279618 -0.885165 -0.371883 -0.83946 -0.413377 0.352742 -0.00923819 0.00608443
-219.568 -20.8289 7.35974 0.464447 -0.225938 0.856295 0.889352 0.749825 -0.414161 -0.515978 -0.471223 -0.881716 0.0229415 -0.00282128 0.000975585
-214.492 -23.7075 3.09942 0.490629 -0.297357 0.819062 0.287935 -0.834759 -0.429993 0.343925 0.249923 -0.852458 -0.459188 0.0151492 0.00745671
-215.324 -24.0904 3.46659 0.503394 -0.293675 0.812619 0.277888 -0.853556 -0.31519 0.414845 0.1343 -0.902447 -0.409333 0.0210078 0.00600527
-215.338 -24.2243 3.41964 -0.50532 0.292431 -0.811872 0.293571 0.851836 0.319432 -0.415137 -0.137939 0.901359 0.410519 -0.0222949 -0.0061216
-215.236 -24.3433 3.31694 0.50371 -0.292919 0.812696 0.303677 -0.849561 -0.338499 0.404555 0.156595 -0.894213 -0.419358 0.0216887 0.0062069
-215.114 -23.9594 3.37132 -0.500908 0.293848 -0.814091 0.290368 0.85424 0.319086 -0.410437 -0.139159 0.90102 0.41085 -0.0201964 -0.00617715
-214.709 -23.7851 3.20155 0.493655 -0.298231 0.816923 0.281562 -0.852166 -0.35334 0.385959 0.173547 -0.886684 -0.42857 0.0165336 0.00700608
-214.911 -24.1333 3.19745 -0.498991 0.295107 -0.814813 0.29885 0.851052 0.344218 -0.396516 -0.163459 0.891306 0.422913 -0.0196283 -0.00617599
-215.654 -23.8335 3.76237 0.513683 -0.292489 0.806585 0.26708 -0.85473 -0.256202 0.45144 0.0746078 -0.921309 -0.381605 0.0282218 0.00474684
-215.668 -24.1769 3.65311 0.513204 -0.289317 0.808033 0.278049 -0.856665 -0.230156 0.461684 0.0524003 -0.929152 -0.365965 0.0268527 0.00560316
-215.458 -24.0686 3.55966 0.506092 -0.293279 0.811085 0.276942 -0.856203 -0.284086 0.431522 0.103861 -0.912843 -0.39488 0.0219635 0.00609401
-215.611 -24.2969 3.56762 0.513022 -0.289356 0.808135 0.289911 -0.857544 -0.214199 0.467693 0.0377717 -0.932948 -0.358024 0.026813 0.00615668
-215.411 -24.2123 3.47102 0.507783 -0.291419 0.810698 0.290004 -0.853971 -0.294288 0.4291 0.113531 -0.910203 -0.398298 0.0226479 0.00626112
-215.43 -24.5577 3.37116 0.509672 -0.288489 0.810561 0.308831 -0.853989 -0.284147 0.435848 0.10458 -0.914349 -0.391188 0.0234147 0.00580681
-215.916 -23.6517 3.99504 0.519218 -0.289766 0.80402 0.273186 -0.845418 -0.311984 0.433514 0.125224 -0.904821 -0.406962 0.0268092 0.00709475
-215.935 -24.0022 3.88406 0.519929 -0.290711 0.803219 0.279626 -0.85165 -0.249152 0.461102 0.0660758 -0.923802 -0.377125 0.0284893 0.00305464
-215.788 -23.821 3.85073 0.517112 -0.29102 0.804924 0.273218 -0.852852 -0.254714 0.455812 0.0723751 -0.922187 -0.379913 0.028695 0.00398435
-215.879 -24.1289 3.7984 0.518729 -0.29008 0.804223 0.281415 -0.854222 -0.214364 0.473658 0.0349973 -0.932685 -0.35899 0.0297562 0.00206107
-215.812 -24.1058 3.76524 -0.51786 0.291485 -0.804275 0.277741 0.853828 0.234253 -0.464869 -0.0529011 0.927449 0.370188 -0.0292424 -0.00283566
-215.753 -24.3109 3.65331 0.5161 -0.288794 0.806374 0.290172 -0.854273 -0.241828 0.460149 0.0621158 -0.926346 -0.371516 0.0282695 0.00493051
-216.218 -23.3024 4.32224 0.527305 -0.292355 0.797796 0.294807 -0.821517 -0.415144 0.390852 0.216933 -0.861501 -0.459082 0.0251383 0.00915285
-216.315 -23.643 4.26362 0.528877 -0.287733 0.798435 0.293928 -0.834785 -0.346015 0.428261 0.153046 -0.893019 -0.423194 0.0251422 0.0053244
-216.177 -23.6795 4.15794 0.528054 -0.287468 0.799075 0.283425 -0.836533 -0.338068 0.431188 0.146189 -0.896143 -0.418995 0.0251878 0.00664189
-216.281 -24.0109 4.11023 -0.530867 0.284896 -0.798132 0.286964 0.84436 0.25823 -0.469438 -0.0723608 0.92312 0.377641 -0.023308 -0.000635778
-216.211 -23.9878 4.07514 0.529235 -0.284619 0.799314 0.283527 -0.847377 -0.225225 0.48086 0.043164 -0.931808 -0.360377 0.0261461 0.0010577
-216.164 -24.2063 3.96081 0.529928 -0.287947 0.797661 0.286462 -0.847507 -0.213254 0.48606 0.0301446 -0.9336 -0.357047 0.0266879 0.000438828
-216.626 -24.0225 4.33733 -0.536572 0.284959 -0.794286 0.310811 0.823862 0.380578 -0.420015 -0.182601 0.879749 0.438974 -0.0183793 -0.000825927
-216.383 -23.5097 4.35261 0.530508 -0.288733 0.796991 0.306242 -0.818103 -0.420586 0.392192 0.221964 -0.860082 -0.459338 0.0224424 0.00632475
-216.376 -23.1544 4.48123 -0.527736 0.294639 -0.79667 0.314951 0.817613 0.43042 -0.382423 -0.230225 0.853186 0.468048 -0.0248356 -0.0104341
-216.568 -24.0811 4.28095 0.536194 -0.28489 0.794565 0.303161 -0.829785 -0.350495 0.434292 0.154765 -0.892183 -0.424331 0.0190274 0.000590809
-217.069 -23.9765 4.65818 -0.539909 0.283719 -0.792466 0.363287 0.791975 0.490103 -0.364108 -0.285086 0.824198 0.489309 -0.0148112 -0.000155435
-216.597 -23.2843 4.58291 0.534835 -0.285129 0.795395 0.332789 -0.818587 -0.408182 0.404107 0.209443 -0.86723 -0.451713 0.0195121 0.00605161
-220.172 -23.1248 7.10381 0.490519 -0.204687 0.84705 0.929883 -0.533864 -0.838842 0.106452 0.688752 -0.504427 -0.520744 0.0216346 -0.00773223
-219.574 -21.4062 7.21014 0.467297 -0.228404 0.854088 0.872795 -0.622953 -0.770562 0.13477 0.627346 -0.595034 -0.502366 0.00875305 -0.00578186
-219.607 -22.1723 7.02811 -0.475594 0.222336 -0.851104 0.869748 0.639322 0.751933 -0.160821 -0.604217 0.620615 0.499759 -0.018221 0.00365095
-219.241 -21.8272 6.90596 -0.469958 0.2295 -0.852331 0.845019 0.627246 0.76622 -0.139537 -0.621049 0.600197 0.504044 -0.0113989 0.00366216
-220.936 -22.692 7.64497 -0.483463 0.195992 -0.853141 1 -0.624754 0.605405 0.493119 0.613144 0.771409 -0.170244 0.0214483 -0.0199314
-220.541 -22.7681 7.40358 -0.486147 0.204828 -0.849533 0.960089 0.530066 0.842001 -0.10032 -0.69476 0.499079 0.517909 -0.0226516 0.0118189
-219.982 -21.29 7.46604 0.466347 -0.226437 0.85513 0.91226 -0.711616 -0.670263 0.210597 0.525474 -0.706735 -0.473711 0.00800498 -0.00711798
-220.005 -21.7657 7.35349 0.474812 -0.221339 0.8518 0.9051 -0.619402 -0.771611 0.144767 0.625216 -0.596343 -0.503468 0.0187685 -0.00448903
-220.151 -22.3619 7.27577 -0.479948 0.214409 -0.850693 0.925356 0.547421 0.830931 -0.0994181 -0.685551 0.513402 0.516176 -0.0198087 0.00944899
-219.658 -21.3922 7.25151 -0.467297 0.228404 -0.854088 0.887796 0.622954 0.770562 -0.134769 -0.627346 0.595034 0.502366 -0.00875304 0.00578187
-220.036 -21.1895 7.51515 -0.466347 0.226437 -0.85513 0.928259 0.711616 0.670262 -0.210597 -0.525474 0.706735 0.473711 -0.00800498 0.00711797
-252.448 -16.5187 5.16994 0.198454 0.199761 -0.959537 0.603716 0.383133 -0.916921 -0.111649 0.902123 0.345473 0.258502 -0.0219876 -0.00380916
-252.668 -16.5744 5.11907 0.199971 0.199119 -0.959356 0.604461 0.288894 -0.947586 -0.136458 0.936244 0.249864 0.247014 -0.0212444 -0.00118146
-252.119 -16.5276 5.2409 -0.198861 -0.199837 0.959437 0.581321 -0.392766 0.913181 0.108795 -0.89788 -0.355199 -0.260085 0.0219671 0.00379725
-252.397 -16.7143 5.14601 0.198861 0.199837 -0.959437 0.575872 0.392766 -0.913181 -0.108795 0.89788 0.355199 0.260085 -0.0219671 -0.00379725
-251.729 -16.6196 5.30261 -0.202549 -0.189462 0.960769 0.567239 -0.498218 0.864577 0.065459 -0.843061 -0.465414 -0.269513 0.0324145 0.00675554
-252.004 -16.8024 5.2075 0.200201 0.189204 -0.961313 0.555147 0.460881 -0.884026 -0.0780103 0.864585 0.427433 0.264183 -0.0317834 -0.00618282
-251.474 -16.7922 5.31954 -0.207145 -0.183688 0.960911 0.552687 -0.55914 0.828212 0.0377872 -0.802779 -0.529456 -0.274267 0.037864 0.00898827
-251.676 -17.0352 5.22444 -0.207174 -0.182455 0.96114 0.537326 -0.514667 0.85584 0.0515291 -0.831984 -0.483991 -0.271211 0.0365419 0.00740113
-251.162 -17.049 5.33345 -0.2174 -0.170273 0.961116 0.536146 -0.589344 0.807822 0.00980847 -0.77808 -0.564298 -0.27597 0.0384529 0.00985318
-251.302 -17.1647 5.28662 -0.218374 -0.170885 0.960787 0.521936 -0.575486 0.817681 0.0146323 -0.788118 -0.549723 -0.276902 0.0386808 0.0102071
-250.81 -17.1796 5.39998 -0.229138 -0.15886 0.960343 0.522265 0.577531 -0.816364 0.002756 -0.783549 -0.555264 -0.278807 0.0351863 0.0105305
-251.062 -17.3469 5.31101 -0.223589 -0.161049 0.961286 0.505907 -0.524242 0.851318 0.0206908 -0.821692 -0.499321 -0.274774 0.0372246 0.0130621
-250.768 -17.5656 5.33908 -0.232518 -0.149976 0.960959 0.492439 -0.43295 0.900706 0.0358139 -0.870914 -0.407719 -0.274363 0.0323947 0.013576
-250.615 -17.3623 5.41742 0.234541 0.152204 -0.960117 0.506401 -0.557783 0.829974 -0.00468487 0.79616 0.536634 0.27956 -0.0306 -0.01234
-215.764 -24.7868 3.49082 -0.518283 0.284541 -0.806486 0.325276 0.852821 0.242383 -0.462544 -0.0638656 0.927517 0.368285 -0.0279726 -0.00586044
-216.176 -24.6995 3.79019 0.527977 -0.286028 0.799642 0.309024 -0.84732 -0.240991 0.473256 0.0573421 -0.927422 -0.369596 0.0263174 0.00322109
-216.253 -25.0513 3.71227 0.534284 -0.285321 0.795696 0.336767 -0.835032 -0.324455 0.444354 0.131384 -0.901843 -0.411603 0.0283463 0.00196243
-216.512 -25.6167 3.68819 0.548048 -0.280616 0.78797 0.382969 -0.752135 -0.577506 0.31746 0.365973 -0.766643 -0.527562 0.023746 -0.00455398
-216.034 -24.7523 3.67452 0.524164 -0.286907 0.801833 0.319717 -0.850625 -0.221816 0.476691 0.0410936 -0.931924 -0.360318 0.0272857 0.00380682
-217.784 -26.7316 4.22073 -0.556934 0.25765 -0.789583 0.475611 0.118965 -0.916117 -0.382853 -0.821993 -0.307157 0.479565 -0.0102963 0.00901238
-217.99 -26.6696 4.38994 -0.556934 0.25765 -0.789583 0.486415 0.118965 -0.916117 -0.382853 -0.821993 -0.307157 0.479565 -0.0102963 0.00901237
-217.498 -26.3271 4.15214 -0.561333 0.261518 -0.785184 0.43259 0.528956 0.843045 -0.097364 -0.636483 0.469981 0.611561 -0.00742379 -0.00113508
-217.565 -26.2905 4.21487 -0.561333 0.261519 -0.785184 0.430805 0.528957 0.843045 -0.0973645 -0.636483 0.469982 0.611561 -0.00742379 -0.00113508
-217.138 -25.849 4.04842 0.557282 -0.267898 0.785919 0.392604 -0.697224 -0.664987 0.267715 0.450905 -0.697154 -0.55737 0.0160703 -0.00314355
-217.203 -25.8185 4.10801 0.556029 -0.265513 0.787613 0.388127 -0.678189 -0.69276 0.245242 0.480512 -0.670512 -0.565263 0.0166137 -0.00172929
-216.584 -24.6028 4.10299 0.537864 -0.286363 0.792905 0.30909 -0.806257 -0.449495 0.384583 0.246277 -0.846139 -0.472649 0.0215235 0.000905394
-216.603 -25.0397 3.96271 0.541362 -0.277513 0.793671 0.32841 -0.773286 -0.534926 0.340417 0.330085 -0.798023 -0.504186 0.0247808 0.00146592
-216.796 -25.4718 3.93532 -0.550158 0.275881 -0.788173 0.364224 0.717697 0.63872 -0.277396 -0.426893 0.71828 0.549396 -0.0239667 0.000251383
-216.316 -24.5952 3.91745 -0.531874 0.287594 -0.796492 0.309036 0.842837 0.270943 -0.46499 -0.082076 0.918629 0.386502 -0.0258163 -0.00196467
-217.769 -26.1109 4.41311 -0.561333 0.261518 -0.785184 0.440693 0.528956 0.843045 -0.0973639 -0.636483 0.469982 0.611561 -0.00742379 -0.00113508
-217.437 -25.6445 4.33404 -0.558666 0.263971 -0.786264 0.390287 0.648484 0.730036 -0.215675 -0.517069 0.63037 0.579028 -0.0138722 0.00056142
-217.5 -25.5489 4.41082 -0.558666 0.263971 -0.786264 0.389367 0.648484 0.730036 -0.215675 -0.517069 0.63037 0.579028 -0.0138722 0.000561419
-216.846 -24.4599 4.32799 0.538723 -0.285043 0.792798 0.325078 -0.797567 -0.47571 0.370927 0.271412 -0.832136 -0.483617 0.0191805 0.00143334
-216.871 -24.9023 4.18923 -0.547373 0.277429 -0.789567 0.335413 0.737778 0.605323 -0.298778 -0.395053 0.746068 0.536018 -0.0227222 -0.000222435
-217.182 -25.4093 4.23711 0.556003 -0.269037 0.786435 0.361469 -0.668913 -0.706459 0.231238 0.493372 -0.654626 -0.572756 0.0176917 -0.00175841
-216.663 -24.5952 4.15614 0.540232 -0.283588 0.792293 0.314716 -0.785492 -0.507723 0.353864 0.301914 -0.813508 -0.497044 0.0224216 0.00151522
-217.259 -24.896 4.45734 0.550511 -0.274731 0.788328 0.365517 -0.694722 -0.67439 0.250119 0.462924 -0.685362 -0.562121 0.0228391 0.00050349
-217.03 -24.5223 4.43656 0.542484 -0.280086 0.791999 0.338749 -0.752923 -0.580246 0.310518 0.372583 -0.764766 -0.525657 0.0214033 0.00138275
-252.484 -17.2283 5.017 0.198214 0.18868 -0.961827 0.5644 0.380155 -0.919282 -0.101991 0.903434 0.345427 0.253942 -0.0307326 -0.00441493
-252.096 -17.3296 5.08007 -0.200244 -0.179745 0.963117 0.538955 -0.40702 0.909446 0.0851037 -0.8912 -0.374966 -0.255271 0.036331 0.00722479
-251.773 -17.5775 5.10604 -0.2122 -0.164919 0.96321 0.516925 -0.520464 0.853305 0.0314403 -0.827096 -0.494644 -0.266906 0.0395349 0.00927904
-252.045 -17.7457 5.02066 -0.212918 -0.161289 0.963666 0.528759 -0.483963 0.874201 0.0393855 -0.84879 -0.457993 -0.264191 0.0406387 0.00945142
-251.524 -17.7704 5.13432 -0.222214 -0.154333 0.962706 0.496232 -0.49805 0.866816 0.0239992 -0.838193 -0.474143 -0.269484 0.0388508 0.0121636
-251.668 -17.8822 5.08095 -0.220669 -0.147431 0.964142 0.50685 -0.454901 0.889968 0.0319723 -0.862769 -0.431533 -0.263455 0.0375187 0.0119733
-251.207 -18.0262 5.16825 0.228622 0.140909 -0.963263 0.476945 0.389723 -0.91997 -0.0420781 0.892103 0.365785 0.265241 -0.0322016 -0.012693
-251.349 -18.1524 5.11442 -0.226487 -0.133675 0.964798 0.482434 -0.376315 0.925632 0.0399085 -0.898383 -0.354028 -0.259947 0.0332215 0.0111837
-250.692 -18.2419 5.26068 -0.238071 -0.133703 0.962001 0.446958 -0.307916 0.949776 0.0558023 -0.921146 -0.282931 -0.267283 0.0286283 0.0144697
-250.834 -18.0979 5.24648 0.236192 0.138463 -0.961791 0.45762 0.311889 -0.948227 -0.0599184 0.920292 0.285821 0.267149 -0.028735 -0.0142851
-251.089 -18.3194 5.15882 -0.231799 -0.128446 0.964246 0.458636 -0.320596 0.945951 0.0489399 -0.918416 -0.297789 -0.26045 0.0303614 0.0113162
-250.448 -18.5706 5.28006 -0.241515 -0.121982 0.9627 0.422041 -0.245087 0.967573 0.0611142 -0.938937 -0.221185 -0.26358 0.0268804 0.0147584
-250.684 -18.6883 5.2076 -0.235655 -0.11705 0.964762 0.427636 -0.233759 0.970402 0.0606355 -0.943305 -0.211231 -0.256041 0.0257987 0.014251
-250.418 -18.9527 5.24178 -0.240901 -0.112707 0.963983 0.405788 -0.27411 0.960699 0.0438227 -0.931037 -0.25368 -0.262328 0.0247067 0.0141508
-250.598 -17.7747 5.35248 -0.235051 -0.145213 0.961074 0.472692 -0.370077 0.927673 0.0496563 -0.898773 -0.344 -0.271791 0.030591 0.0141763
-250.373 -17.6581 5.42902 0.239843 0.146014 -0.959768 0.481972 0.477478 -0.878527 -0.014334 0.845275 0.45483 0.280427 -0.0288342 -0.0132401
-250.356 -18.0629 5.36999 -0.241952 -0.136029 0.960706 0.450469 -0.230192 0.969904 0.079358 -0.942587 -0.201945 -0.265983 0.0264405 0.0135985
-250.255 -18.6939 5.31482 -0.244022 -0.118362 0.962519 0.407975 -0.219184 0.973572 0.0641526 -0.944675 -0.195315 -0.263516 0.026025 0.0137115
-250.21 -18.1833 5.38977 0.243161 0.131072 -0.961089 0.441672 0.227568 -0.970883 -0.0748312 0.942913 0.200517 0.265909 -0.0263856 -0.0138173
-250.103 -17.793 5.47748 -0.245824 -0.142408 0.958796 0.474316 -0.294126 0.953471 0.0662069 -0.923613 -0.265732 -0.276272 0.0259774 0.0124397
-249.841 -18.2154 5.48423 -0.249319 -0.126001 0.960189 0.440813 -0.283765 0.957485 0.051965 -0.925914 -0.259513 -0.274474 0.0268935 0.0115401
-249.52 -18.4584 5.53427 -0.251179 -0.122321 0.960181 0.428605 -0.27657 0.959697 0.0499099 -0.927587 -0.253021 -0.274886 0.0268253 0.0108014
-249.255 -18.6503 5.58447 -0.258139 -0.112901 0.959488 0.416213 0.459352 -0.888049 0.0190886 -0.849918 -0.44567 -0.281102 0.0241018 0.00953978
-245.219 -20.0532 6.92735 0.385035 0.0455611 -0.921777 0.532957 0.903538 0.184913 0.386557 -0.188061 0.981698 -0.030032 0.0316342 -0.00581349
-244.79 -20.5468 7.07852 0.369725 0.0393912 -0.928306 0.493883 0.920913 0.117134 0.371751 -0.123381 0.992334 -0.0070318 0.0384772 -0.0147849
-244.735 -20.0288 7.12684 -0.362332 -0.0380958 0.93127 0.541364 -0.931629 -0.0152058 -0.363094 -0.0279931 0.999158 0.0299815 -0.0320104 0.00904585
-244.698 -20.5252 7.1145 0.369725 0.0393912 -0.928306 0.497574 0.920913 0.117134 0.371751 -0.12338 0.992335 -0.00703139 0.0384772 -0.0147849
-244.355 -20.2074 7.25688 0.354852 0.0374565 -0.934172 0.526351 0.934377 -0.0483314 0.352992 -0.0319279 -0.998129 -0.052149 0.0305647 -0.0124306
-244.287 -20.2477 7.28464 -0.34968 -0.0406905 0.935985 0.516966 -0.935251 0.0738622 -0.346195 0.055047 0.996438 0.0638839 -0.029233 0.0121084
-244.007 -19.861 7.41264 -0.347816 -0.0492927 0.936266 0.546616 -0.916521 0.228259 -0.328463 0.19752 0.972352 0.12457 -0.0248681 0.00794368
-243.613 -20.3959 7.52287 0.33539 0.0452889 -0.94099 0.476821 0.914815 -0.25422 0.313825 -0.225006 -0.966085 -0.126694 0.0204307 -0.0176675
-243.053 -20.272 7.72448 0.331894 0.0550507 -0.941709 0.467136 -0.661886 -0.697709 -0.27406 0.672126 -0.714263 0.195128 -0.0312118 -0.00291001
-242.624 -20.2497 7.88088 -0.352348 -0.0584656 0.934041 0.45533 0.769679 0.549664 0.324752 -0.532395 0.833338 -0.148673 0.030606 0.0107599
-241.926 -20.4105 8.1401 -0.359111 -0.0599308 0.931369 0.427354 0.643519 0.706879 0.293609 -0.675961 0.704791 -0.215281 0.0139166 0.00533572
-241.592 -21.1215 8.22243 0.358686 0.0543357 -0.931876 0.36384 -0.806602 -0.484425 -0.338713 0.469828 -0.873144 0.129929 -0.0188864 -0.0023061
-252.21 -18.1989 4.91323 -0.216045 -0.141381 0.966093 0.550111 -0.405539 0.913069 0.0429311 -0.888179 -0.382514 -0.2546 0.0369222 0.00997418
-251.827 -18.5558 4.9484 0.224084 0.130491 -0.965794 0.526228 0.363864 -0.930536 -0.0413036 0.904096 0.342162 0.256 -0.0339691 -0.009491
-251.579 -18.7762 4.98544 0.228311 0.121669 -0.965956 0.497667 0.348094 -0.936779 -0.0357192 0.909234 0.328087 0.256229 -0.0282677 -0.00778296
-251.177 -19.1243 5.03731 0.233159 0.109206 -0.966287 0.46496 0.299214 -0.953523 -0.0355648 0.925261 0.280833 0.254998 -0.0250613 -0.0100514
-250.78 -19.2379 5.11967 -0.234922 -0.103882 0.966447 0.425914 -0.22792 0.97244 0.0491238 -0.944915 -0.208734 -0.252124 0.0242681 0.0127255
-250.727 -19.7015 5.0919 -0.240211 -0.0946125 0.966099 0.414069 -0.187006 0.981107 0.0495851 -0.952537 -0.168757 -0.253366 0.0221876 0.011565
-250.473 -19.4749 5.17247 0.242925 0.0997917 -0.964898 0.395327 0.292226 -0.956014 -0.0253012 0.924982 0.275821 0.261402 -0.0234274 -0.0146787
-250.325 -19.6151 5.19529 0.242921 0.0988524 -0.964996 0.382011 0.296599 -0.954722 -0.0231361 0.923589 0.280599 0.261242 -0.0233636 -0.0145739
-250.325 -20.1185 5.15149 -0.242548 -0.0851497 0.966395 0.373733 0.614003 -0.784717 0.0849623 -0.751113 -0.613977 -0.242614 0.0211819 0.0103613
-250.033 -20.7174 5.17531 0.25537 0.076934 -0.963778 0.3464 -0.865015 0.463472 -0.192204 0.431897 0.882766 0.184906 -0.0191998 -0.00882702
-250.059 -20.0003 5.22799 -0.24864 -0.0891728 0.964482 0.356103 0.53792 -0.840791 0.0609373 -0.805495 -0.533964 -0.257022 0.0211978 0.0152449
-249.824 -21.024 5.21131 -0.260094 -0.0724948 0.962858 0.321037 0.96099 -0.116579 0.250812 -0.0940673 -0.990532 -0.0999886 0.0141959 0.00926151
-249.826 -20.509 5.24796 -0.256929 -0.0763735 0.963408 0.327175 0.86471 -0.463346 0.193876 -0.431585 -0.88288 -0.185088 0.0197562 0.00992518
-249.46 -20.8072 5.32296 0.264928 0.0755673 -0.961303 0.299909 -0.927867 0.291307 -0.232814 0.262441 0.95364 0.147292 -0.0213852 -0.00926937
-249.594 -21.2262 5.25189 0.262869 0.0712951 -0.962194 0.306266 -0.956636 0.14897 -0.250313 0.125491 0.986268 0.107363 -0.0255374 -0.0121721
-249.067 -20.8641 5.42636 -0.269405 -0.0741933 0.960165 0.286688 0.935072 -0.258637 0.242379 -0.230352 -0.963121 -0.139054 0.0282084 0.00882762
-249.323 -21.2963 5.32224 -0.262869 -0.0712951 0.962194 0.288451 0.956636 -0.148969 0.250313 -0.125492 -0.986268 -0.107363 0.0255374 0.0121721
-249.014 -21.2405 5.41226 -0.274164 -0.0709235 0.959064 0.275086 0.948539 -0.184265 0.257528 -0.158457 -0.980314 -0.117792 0.0341235 0.0125653
-250.222 -19.0866 5.27807 -0.246813 -0.1075 0.963082 0.390377 -0.335189 0.941954 0.0192409 -0.90925 -0.318058 -0.268519 0.0240079 0.0145702
-249.982 -18.9273 5.35399 -0.250138 -0.111771 0.961737 0.39267 -0.382477 0.923931 0.00789866 -0.88947 -0.365847 -0.27386 0.0246629 0.014559
-249.947 -19.3971 5.31466 -0.247892 -0.0979521 0.963823 0.366445 -0.326024 0.945283 0.0122155 -0.912283 -0.311197 -0.266263 0.0231727 0.0162765
-249.748 -19.1488 5.3953 -0.255108 -0.105244 0.961168 0.370663 0.590372 -0.804208 0.0686363 -0.765753 -0.584959 -0.267293 0.0229511 0.0160545
-249.574 -19.8149 5.36906 -0.256395 -0.0879985 0.962558 0.341768 0.702701 -0.700752 0.123114 -0.663681 -0.707956 -0.241506 0.0229178 0.017206
-249.357 -19.5374 5.45648 -0.264351 -0.097733 0.959462 0.348936 0.818432 -0.549014 0.16957 -0.510185 -0.83008 -0.22512 0.0256713 0.0190373
-249.302 -20.0246 5.42771 -0.263071 -0.084742 0.961048 0.321463 0.871428 -0.44834 0.199006 -0.414011 -0.889837 -0.191792 0.0240811 0.0171021
-248.995 -19.7729 5.53282 -0.276417 -0.0987678 0.955949 0.341259 0.738991 0.614078 0.277128 -0.614401 0.783039 -0.0967537 0.0348644 0.02632
-248.958 -20.2561 5.50191 -0.273112 -0.0787712 0.958752 0.31323 0.935558 -0.25374 0.245657 -0.223923 -0.96406 -0.142994 0.0318035 0.0129421
-248.818 -20.8981 5.49248 -0.2854 -0.0731406 0.955614 0.284086 0.929893 -0.262543 0.257623 -0.232047 -0.962144 -0.142943 0.0404444 0.0122952
-248.785 -20.1181 5.5713 -0.276068 -0.0796465 0.957832 0.316083 0.942833 -0.216007 0.253783 -0.186686 -0.973138 -0.134726 0.0349079 0.0128745
-248.509 -19.7757 5.67716 0.290187 0.0886953 -0.952851 0.355801 -0.924726 -0.230296 -0.303059 -0.246318 0.96907 0.0151899 -0.0413761 -0.0302815
-248.327 -20.0188 5.71638 0.300508 0.0813677 -0.950302 0.341086 -0.951325 0.0970081 -0.292525 0.0683849 0.991952 0.106559 -0.0513841 -0.0147474
-247.979 -20.7034 5.76703 -0.321536 -0.0716414 0.944183 0.318185 0.934335 -0.185888 0.304078 -0.153728 -0.979956 -0.126707 0.0511308 0.0166036
-247.819 -19.9959 5.88496 -0.32709 -0.0867223 0.941005 0.374878 0.94423 -0.0699952 0.32176 -0.0379619 -0.993771 -0.104781 0.0570693 0.0190036
-247.912 -20.8003 5.78621 -0.324172 -0.070383 0.943376 0.310254 0.933551 -0.185036 0.306991 -0.152952 -0.980208 -0.12569 0.0510631 0.0165895
-247.75 -20.5075 5.86631 -0.336416 -0.0741543 0.938789 0.33752 0.932773 -0.163281 0.321363 -0.129455 -0.983789 -0.124099 0.0498541 0.0173595
-247.603 -20.812 5.8953 0.340904 0.064981 -0.93785 0.323165 -0.930707 0.163987 -0.326945 0.13255 0.98432 0.116382 -0.0482603 -0.0188804
-247.411 -20.5698 5.98838 -0.354115 -0.0695446 0.932613 0.350148 0.924856 -0.173963 0.338197 -0.13872 -0.982294 -0.125921 0.0415148 0.0192543
-247.409 -20.9807 5.95252 0.352848 0.0606247 -0.933715 0.323987 -0.930988 0.122564 -0.343859 0.0935936 0.990607 0.0996873 -0.0439713 -0.0194232
-247.173 -21.2716 6.02699 -0.36431 -0.0570782 0.929527 0.319839 0.913183 -0.217699 0.344536 -0.182691 -0.974346 -0.131432 0.0422701 0.019312
-247.166 -20.8459 6.06017 -0.359281 -0.0654143 0.930934 0.346366 0.919393 -0.195949 0.341058 -0.160105 -0.97843 -0.130542 0.0390877 0.0187867
-246.948 -20.6568 6.15787 -0.370443 -0.0723222 0.926035 0.377652 0.88118 -0.34266 0.325738 -0.293758 -0.936671 -0.190665 0.034478 0.0194922
-246.491 -20.5269 6.35685 0.37791 0.0675702 -0.923374 0.416866 -0.789336 0.54475 -0.283189 0.483872 0.835872 0.259202 -0.0350053 -0.011225
-246.451 -20.8277 6.35031 0.38569 0.059348 -0.920718 0.399306 -0.821942 0.475419 -0.313668 0.419111 0.877755 0.232145 -0.0332275 -0.0126159
-246.149 -20.4582 6.50902 -0.389136 -0.0565997 0.91944 0.444476 0.752126 -0.595804 0.281646 -0.531865 -0.801133 -0.274419 0.0277925 -0.00515002
-245.776 -20.5308 6.65676 0.39703 0.0479122 -0.916554 0.469185 -0.597149 0.771847 -0.218323 0.696979 0.634001 0.335057 -0.0232923 0.00982837
-245.471 -20.757 6.7751 0.393104 0.0424757 -0.918512 0.471193 0.836818 0.397452 0.37652 -0.381058 0.916639 -0.120696 0.02289 -0.0199167
-245.711 -21.3061 6.64083 -0.404798 -0.0438257 0.913355 0.428697 0.504487 -0.843782 0.1831 -0.762648 -0.534894 -0.36367 0.0251325 -0.00946684
-244.944 -21.2624 6.99098 0.392502 0.022326 -0.91948 0.446864 0.914149 0.100707 0.392671 -0.101365 0.994666 -0.0191183 0.0404899 -0.0170183
-245.079 -21.0571 6.94051 -0.390776 -0.026109 0.920116 0.454524 -0.900406 -0.196808 -0.38799 0.191217 -0.980094 0.0533993 -0.0380103 0.0178101
-245.405 -21.4424 6.7815 0.405788 0.0346087 -0.913312 0.427857 0.878674 0.26024 0.40026 -0.251533 0.964924 -0.0751926 0.0298154 -0.0190452
-244.636 -21.7144 7.10654 0.370501 0.0184032 -0.92865 0.433975 0.927671 0.042635 0.370956 0.0464235 -0.998921 -0.00127431 0.0541206 -0.016984
-244.958 -21.7611 6.97409 0.397489 0.0202276 -0.917384 0.428088 0.910427 0.116125 0.397035 -0.114563 0.993029 -0.0277428 0.0442712 -0.0187115
-244.309 -21.8939 7.23503 -0.345388 -0.00994377 0.938407 0.425038 -0.937989 0.035335 -0.34486 0.0297294 0.999326 0.0215314 -0.0483884 0.014552
-244.628 -22.197 7.10666 0.366805 0.00942028 -0.93025 0.423189 0.929127 0.0464521 0.366832 -0.046667 0.998876 -0.00828591 0.0659039 -0.0174788
-243.853 -22.1893 7.39024 0.333635 0.0105418 -0.942643 0.409685 0.939848 -0.0814666 0.331735 -0.0732969 -0.99662 -0.0370878 0.0421921 -0.0117979
-244.16 -22.5059 7.28403 0.330603 -0.00409117 -0.943761 0.417773 0.940602 -0.0804415 0.329845 -0.0772669 -0.996751 -0.022746 0.0497985 -0.00993423
-243.83 -22.5917 7.39862 0.323795 0.00223881 -0.946125 0.402301 0.939828 -0.115966 0.321365 -0.108999 -0.993251 -0.0396533 0.0458116 -0.00821367
-244.639 -20.8066 7.13111 0.368514 0.0343634 -0.928987 0.472826 0.92403 0.0959026 0.370095 -0.101809 0.994798 -0.00358815 0.0422317 -0.0152037
-244.344 -20.736 7.24026 0.353468 0.0407107 -0.93456 0.480516 0.933161 -0.0851394 0.34923 -0.0653505 -0.995537 -0.0680836 0.0409618 -0.0171006
-244.392 -21.0704 7.21381 0.35404 0.028761 -0.934788 0.459025 0.935199 -0.00268789 0.354113 0.00767204 -0.999583 -0.0278489 0.054336 -0.0182954
-244.024 -20.8733 7.35557 0.338946 0.0323394 -0.94025 0.459615 0.929897 -0.163271 0.329598 -0.142857 -0.986051 -0.0854125 0.0251822 -0.0221207
-244.012 -21.3467 7.34711 0.331115 0.0168326 -0.94344 0.434889 0.942702 -0.0492715 0.329977 -0.0409304 -0.998644 -0.0321827 0.0333715 -0.0203299
-243.755 -21.1573 7.44137 0.32604 0.0270569 -0.944969 0.433999 -0.127362 -0.98922 -0.0722673 0.936737 -0.143915 0.31908 -0.0253958 0.0228399
-243.679 -21.4641 7.46282 0.32229 0.0145717 -0.946529 0.415872 0.933883 -0.1685 0.31539 -0.154894 -0.985594 -0.067914 0.0235648 -0.0146415
-243.519 -22.2119 7.5001 -0.313481 -0.0136085 0.949497 0.392964 -0.900614 0.321244 -0.292738 0.301037 0.946899 0.11296 -0.0243739 0.00961991
-243.459 -21.6328 7.5282 -0.320005 -0.0165484 0.947271 0.402888 0.221211 0.970906 0.0916902 -0.921229 0.238888 -0.307034 0.0157736 -0.0146022
-243.132 -21.1753 7.64679 -0.323883 -0.0382828 0.945322 0.410726 0.322846 0.934734 0.148466 -0.889309 0.353279 -0.290385 0.0322296 -0.0051127
-242.716 -21.1648 7.79276 -0.333109 -0.0420095 0.941952 0.390564 0.715959 0.638795 0.281679 -0.613547 0.768229 -0.182712 0.0398101 0.00994349
-243.062 -21.5964 7.66148 -0.323073 -0.016349 0.946233 0.38285 0.67232 0.699711 0.24164 -0.66604 0.714239 -0.215066 0.0291336 -0.000519289
-242.423 -21.2437 7.89687 -0.344232 -0.0416346 0.937961 0.369944 0.69772 0.657137 0.285233 -0.628245 0.75262 -0.197158 0.0341113 0.00908183
-242.658 -21.6438 7.79973 -0.33018 -0.0226588 0.943646 0.355154 0.743311 0.609929 0.274729 -0.581782 0.792132 -0.184544 0.0351129 -0.00661328
-242.016 -21.3105 8.04731 -0.354559 -0.05087 0.933649 0.349087 0.740498 0.594409 0.313595 -0.570921 0.802553 -0.173084 0.0278503 0.00396492
-242.231 -21.6831 7.95206 -0.345355 -0.047105 0.937289 0.330397 0.84508 0.41873 0.332423 -0.40813 0.906888 -0.104803 0.0290077 -0.00236992
-241.946 -21.6996 8.05366 -0.353618 -0.0514107 0.933976 0.322789 0.873193 0.339875 0.349313 -0.335393 0.939064 -0.0752944 0.021383 -0.00318777
-241.847 -22.401 8.05039 -0.352822 -0.051608 0.934266 0.281234 0.802869 0.496087 0.330604 -0.480539 0.866738 -0.133596 0.0186353 0.000149933
-241.685 -22.2714 8.12556 -0.356246 -0.0537501 0.932845 0.272292 0.819287 0.462067 0.339503 -0.449285 0.885215 -0.120573 0.0145405 -0.000262561
-241.568 -21.7768 8.19553 0.357138 0.0534175 -0.932523 0.305066 -0.897402 -0.257296 -0.358426 0.25908 -0.964855 0.0439531 -0.0136 0.00167225
-241.249 -21.6495 8.33073 -0.358856 -0.0527351 0.931902 0.316829 0.892759 0.271985 0.359174 -0.272404 0.960856 -0.0505236 0.00677338 -0.002023
-241.381 -22.0756 8.24879 -0.357112 -0.0553263 0.932422 0.282783 0.868747 0.347053 0.353317 -0.343147 0.936212 -0.0758719 0.0127701 -0.000935989
-241.12 -22.1735 8.34239 0.358614 0.0556835 -0.931824 0.276256 -0.811967 -0.473879 -0.340805 0.460549 -0.878828 0.124726 -0.0103015 0.00166722
-240.779 -23.0357 8.42529 0.356265 0.0568421 -0.932655 0.209222 -0.871493 -0.339793 -0.353611 0.337009 -0.938781 0.0715187 -0.0181166 0.00740622
-240.762 -22.436 8.46756 -0.360769 -0.0562711 0.930956 0.26495 0.828925 0.438154 0.347713 -0.427469 0.897137 -0.111428 0.011963 -0.00249595
-240.634 -22.9815 8.4815 0.358333 0.0567394 -0.931868 0.223117 -0.874629 -0.328707 -0.356337 0.32653 -0.942726 0.0681608 -0.0175271 0.00667596
-240.459 -23.254 8.53572 0.359615 0.0610807 -0.931099 0.205992 -0.852465 -0.384273 -0.354453 0.379446 -0.921197 0.0861212 -0.0141233 0.00928574
-240.382 -22.9277 8.59497 -0.362974 -0.0609239 0.929805 0.23282 0.889727 0.273798 0.365269 -0.276832 0.959856 -0.0451759 0.0131111 -0.00791117
-249.427 -23.1093 5.18207 0.275671 0.0504836 -0.959925 0.309436 -0.936413 0.239651 -0.256315 0.217107 0.969546 0.113338 -0.0432133 -0.00704659
-249.011 -23.215 5.28895 -0.291356 -0.0479719 0.955411 0.286715 0.931086 -0.243413 0.271716 -0.219525 -0.968736 -0.115586 0.0479485 0.00462006
-249.372 -23.556 5.17754 -0.281285 -0.0399733 0.958791 0.315298 0.940289 -0.211034 0.267059 -0.191662 -0.976661 -0.0969473 0.044995 0.00100782
-248.827 -23.63 5.33211 -0.305033 -0.0408434 0.951466 0.277534 0.940098 -0.172605 0.293979 -0.152221 -0.984144 -0.091047 0.0448686 0.00186083
-249.044 -23.8626 5.25572 -0.294262 -0.0411731 0.954837 0.298448 0.934753 -0.220545 0.278563 -0.199115 -0.974508 -0.103385 0.0452487 -0.00181993
-248.535 -23.9934 5.40746 -0.320173 -0.0400629 0.946512 0.277624 0.933704 -0.182365 0.308122 -0.160266 -0.982414 -0.0957952 0.0461372 -0.00409406
-248.805 -24.1293 5.31597 0.310239 0.0405139 -0.949795 0.294654 -0.937376 0.179463 -0.298528 0.158359 0.98293 0.0936532 -0.0457946 0.00404397
-248.324 -24.4808 5.46424 -0.330487 -0.0406463 0.942935 0.28019 0.927403 -0.199462 0.316445 -0.175217 -0.979062 -0.103615 0.0474615 -0.00857289
-248.514 -24.6782 5.39177 -0.333011 -0.0426998 0.941956 0.294353 0.917082 -0.246934 0.313024 -0.219235 -0.968091 -0.121391 0.0444757 -0.00906922
-248.308 -24.9038 5.4533 0.333948 0.0464578 -0.941446 0.294276 -0.910929 0.272602 -0.309671 0.242253 0.961005 0.133355 -0.0465565 0.00933544
-249.921 -22.2211 5.105 -0.257783 -0.048623 0.964979 0.340777 0.512346 0.839877 0.179187 -0.819176 0.540595 -0.191594 0.0270937 0.00707482
-249.669 -22.0304 5.1756 -0.262228 -0.0603804 0.963115 0.31903 0.957094 -0.143814 0.251572 -0.123318 -0.987761 -0.0955015 0.0302915 0.0157031
-249.622 -22.2165 5.17765 0.262098 0.0589689 -0.963238 0.313482 -0.955503 0.155844 -0.250453 0.135346 0.98602 0.0971913 -0.0305738 -0.0117349
-249.413 -21.9017 5.25548 -0.264478 -0.0633685 0.962308 0.290401 0.958721 -0.125331 0.255239 -0.104432 -0.990089 -0.0938998 0.0299792 0.0157891
-249.338 -22.295 5.25492 -0.266324 -0.0565425 0.962224 0.284213 0.948611 -0.192378 0.251252 -0.170904 -0.979691 -0.104872 0.0341054 0.00674687
-249.003 -21.8721 5.36862 -0.279976 -0.0600468 0.958127 0.271251 0.945753 -0.188602 0.26454 -0.16482 -0.980216 -0.109593 0.0413901 0.0131336
-248.891 -21.8835 5.40208 -0.285218 -0.0580973 0.9567 0.263197 0.941173 -0.205715 0.268096 -0.181232 -0.976886 -0.113353 0.0438843 0.0134924
-248.879 -22.3811 5.37561 0.290262 0.0556106 -0.95533 0.262801 -0.932641 0.240013 -0.269397 0.21431 0.969176 0.121531 -0.0452939 -0.00725007
-248.556 -22.9427 5.44729 -0.309927 -0.0421034 0.949828 0.255501 0.916136 -0.280373 0.286505 -0.254243 -0.958967 -0.125468 0.0462877 0.00701979
-248.577 -22.2084 5.47659 -0.298423 -0.04981 0.953133 0.253417 0.93341 -0.223683 0.280558 -0.199225 -0.973388 -0.113245 0.0489588 0.0118731
-248.414 -23.4412 5.47603 0.320657 0.0369998 -0.946472 0.255706 -0.931453 0.193739 -0.307995 0.171973 0.980355 0.0965872 -0.0472115 -0.00254904
-248.349 -22.7566 5.52364 -0.323043 -0.0401803 0.945531 0.247571 0.914126 -0.271877 0.30076 -0.244984 -0.961493 -0.124558 0.0459148 0.00733314
-248.081 -23.8979 5.57395 -0.340152 -0.0355021 0.9397 0.261231 0.925934 -0.187072 0.328102 -0.164143 -0.981704 -0.0965057 0.0485304 -0.00467983
-248.219 -23.2634 5.54819 0.330147 0.0361033 -0.943239 0.25265 -0.923726 0.217995 -0.314974 0.19425 0.975282 0.10532 -0.0469056 -0.00270465
-248.213 -24.8641 5.49338 -0.348313 -0.0397661 0.936535 0.288281 0.910205 -0.253165 0.327771 -0.224064 -0.966605 -0.124376 0.0488971 -0.00840667
-247.97 -24.3586 5.59754 -0.347442 -0.0364101 0.936994 0.270498 0.921395 -0.198795 0.333933 -0.174112 -0.979364 -0.102618 0.0506581 -0.00767167
-247.954 -23.878 5.62106 -0.343001 -0.0323355 0.938778 0.258809 0.925405 -0.183111 0.331807 -0.161172 -0.98256 -0.0927307 0.0492359 -0.00312313
-247.713 -24.411 5.69424 -0.3611 -0.0324414 0.931963 0.276512 0.908924 -0.235673 0.34397 -0.208479 -0.971291 -0.114588 0.0526554 -0.00716596
-247.836 -24.5308 5.64102 -0.362004 -0.0349994 0.931519 0.277871 0.907065 -0.24361 0.343348 -0.21491 -0.969242 -0.119934 0.0531676 -0.0073387
-247.352 -24.5767 5.83474 -0.387728 -0.0244965 0.921448 0.290369 0.887334 -0.280616 0.365913 -0.249609 -0.959508 -0.130539 0.055654 -0.00517063
-247.677 -24.859 5.69314 -0.373099 -0.0356238 0.927107 0.290026 0.89629 -0.272015 0.350245 -0.23971 -0.961633 -0.133418 0.0582644 -0.0077275
-247.206 -24.9575 5.88635 -0.402298 -0.0214712 0.915257 0.30328 0.874941 -0.303318 0.377461 -0.269509 -0.952648 -0.14081 0.0568204 -0.0047649
-247.394 -25.1638 5.80137 -0.38878 -0.0302106 0.920835 0.302671 0.88561 -0.287857 0.364464 -0.254058 -0.957197 -0.138668 0.0594202 -0.00735163
-247.192 -25.3844 5.88315 -0.411236 -0.0228937 0.911241 0.313563 0.859517 -0.342596 0.379286 -0.303505 -0.939204 -0.160566 0.0604054 -0.00741722
-248.638 -21.2254 5.52125 -0.290044 -0.0696319 0.954477 0.275055 0.939295 -0.211737 0.269984 -0.183298 -0.974843 -0.126818 0.0477272 0.0159766
-248.475 -20.8198 5.6022 -0.299856 -0.0755056 0.950992 0.289668 0.94305 -0.173957 0.28354 -0.144023 -0.981854 -0.123368 0.0516441 0.0125645
-248.36 -21.3838 5.59464 -0.306378 -0.0606311 0.949977 0.269813 0.93324 -0.215814 0.287206 -0.187605 -0.97455 -0.122704 0.0496746 0.0162997
-248.097 -21.2174 5.69251 -0.315169 -0.0597748 0.947151 0.281872 0.929433 -0.221239 0.295311 -0.191895 -0.973386 -0.125284 0.0497993 0.016517
-248.063 -21.6561 5.67682 -0.323009 -0.0550068 0.944796 0.264008 0.924654 -0.231102 0.302668 -0.201695 -0.971373 -0.12551 0.0492793 0.0161651
-248.094 -22.164 5.64013 -0.325868 -0.0481428 0.944189 0.249726 0.925472 -0.220294 0.308176 -0.193163 -0.974245 -0.116341 0.0479177 0.0121168
-247.972 -22.6654 5.65913 -0.329587 -0.0445058 0.943076 0.247042 0.919344 -0.242485 0.30985 -0.214891 -0.969134 -0.120836 0.0462123 0.00950321
-247.976 -22.1779 5.67981 -0.333822 -0.0449478 0.941564 0.25106 0.920559 -0.230459 0.315373 -0.202817 -0.972043 -0.11831 0.0461179 0.0121091
-247.758 -23.1903 5.71532 -0.351912 -0.0333819 0.935438 0.254349 0.91832 -0.205812 0.338128 -0.181237 -0.978022 -0.103083 0.0494978 0.00509467
-247.768 -22.6735 5.73157 -0.345698 -0.0387474 0.937546 0.255078 0.909425 -0.259981 0.324585 -0.231168 -0.964836 -0.125113 0.0482057 0.0100523
-247.476 -23.5839 5.81128 0.36896 0.0252061 -0.929103 0.267198 -0.913508 0.194157 -0.357499 0.171381 0.980647 0.0946622 -0.0515777 -1.92718e-06
-247.491 -23.0741 5.82213 -0.357565 -0.032403 0.933326 0.261562 0.913691 -0.218863 0.342444 -0.193174 -0.975218 -0.107864 0.0500126 0.00675054
-247.24 -24.0285 5.89502 -0.380534 -0.0254083 0.924418 0.284105 0.900421 -0.23804 0.364113 -0.210797 -0.970923 -0.113461 0.0531409 -0.00451002
-247.265 -23.3496 5.90142 -0.378861 -0.0238676 0.925146 0.277444 0.907065 -0.207865 0.366095 -0.183567 -0.977866 -0.100401 0.0503542 0.00555675
-246.964 -24.3618 6.00889 -0.398705 -0.0197746 0.916866 0.30093 0.876283 -0.303087 0.374521 -0.270484 -0.952758 -0.138171 0.0555811 -0.00443883
-246.978 -23.6763 6.0149 -0.392157 -0.023815 0.91959 0.295236 0.889993 -0.262647 0.372733 -0.232651 -0.964598 -0.124194 0.0474638 0.00242517
-246.969 -25.2829 5.99074 -0.418606 -0.0185203 0.907979 0.316778 0.853348 -0.350124 0.386277 -0.310751 -0.93652 -0.162368 0.0549211 -0.00519969
-246.854 -24.817 6.04732 -0.415161 -0.0161525 0.909604 0.31639 0.858021 -0.33929 0.385593 -0.302391 -0.940543 -0.154719 0.0549426 -0.00344302
-246.772 -24.1886 6.09583 -0.410043 -0.0199907 0.911847 0.310876 0.863099 -0.331682 0.38085 -0.29483 -0.943179 -0.153258 0.0475251 -0.00268679
-246.471 -24.805 6.23283 -0.430541 -0.00868285 0.902529 0.336824 0.830678 -0.394899 0.392466 -0.353 -0.918684 -0.177233 0.0421578 -0.00296927
-246.725 -25.004 6.10592 -0.429201 -0.0138561 0.903103 0.324984 0.842949 -0.365247 0.395009 -0.324382 -0.930808 -0.168444 0.0476369 -0.00358134
-246.241 -25.0488 6.33986 0.439977 0.00403094 -0.898 0.356847 -0.811115 0.430921 -0.395474 0.385373 0.902381 0.192865 -0.0354031 0.00262525
-246.442 -25.2939 6.24225 -0.440738 -0.0076995 0.897603 0.344151 0.82027 -0.409579 0.399253 -0.364565 -0.912242 -0.186832 0.0367744 -0.00336544
-245.958 -25.3848 6.48413 -0.452402 0.000548905 0.891814 0.378738 0.746696 -0.546545 0.379123 -0.487625 -0.837429 -0.246848 0.0259471 -0.00657763
-246.225 -25.5569 6.34713 -0.450548 -0.00268517 0.892748 0.365179 0.800892 -0.443033 0.402858 -0.394435 -0.896501 -0.201758 0.0326412 -0.00265606
-245.617 -25.8058 6.66736 0.459338 -0.00514986 -0.888247 0.403571 -0.69908 0.61482 -0.365079 0.547992 0.788651 0.27881 -0.00812552 0.00720566
-245.883 -25.9735 6.53147 -0.459722 0.00330695 0.888057 0.387052 0.707799 -0.602592 0.368651 -0.536355 -0.798042 -0.274684 0.0155954 -0.00186599
-245.29 -26.2924 6.84154 -0.46065 0.00130591 0.887581 0.432164 0.339266 0.924322 0.174718 -0.820183 0.38161 -0.426232 0.0166391 0.00242412
-245.746 -26.4333 6.59606 0.458259 -0.00556056 -0.888801 0.414237 -0.0733663 0.996331 -0.0440604 0.885786 0.0853996 0.45617 -0.0130731 0.000402638
-245.402 -26.8321 6.78354 -0.460369 0.0163593 0.887577 0.444595 0.107412 0.993511 0.0374006 -0.881205 0.112554 -0.459139 0.0129676 -0.00401017
-247.949 -21.249 5.7415 -0.329969 -0.0604644 0.942053 0.282923 0.928134 -0.202931 0.312069 -0.172303 -0.977324 -0.12308 0.0506064 0.0168611
-247.808 -21.3246 5.78265 -0.333888 -0.0590471 0.940762 0.288965 0.926145 -0.206289 0.315752 -0.175425 -0.976708 -0.123564 0.0493053 0.0177871
-247.806 -21.5482 5.77682 -0.336743 -0.0554413 0.939963 0.27215 0.922558 -0.219153 0.317582 -0.188389 -0.974114 -0.124946 0.0482805 0.016644
-247.573 -21.4359 5.87106 -0.344224 -0.0562834 0.937199 0.284365 0.925282 -0.189658 0.328457 -0.159261 -0.980236 -0.117363 0.0448066 0.0170778
-247.545 -21.8715 5.85478 -0.348026 -0.0485488 0.936227 0.271129 0.92193 -0.198886 0.332398 -0.170065 -0.978819 -0.113976 0.0437133 0.0139688
-247.365 -21.8281 5.92022 -0.356673 -0.0462573 0.933083 0.286199 0.902292 -0.275975 0.331221 -0.242187 -0.960051 -0.140171 0.0446064 0.0153941
-247.301 -21.9231 5.94017 -0.358168 -0.0446316 0.93259 0.2861 0.894702 -0.301923 0.329168 -0.26688 -0.952287 -0.148071 0.0464729 0.0147458
-247.305 -22.3837 5.91992 0.36358 0.0389412 -0.930749 0.27488 -0.896154 0.287467 -0.338039 0.254396 0.956999 0.139415 -0.0488375 -0.0121965
-247.024 -22.7278 6.02307 -0.383123 -0.027689 0.923282 0.287118 0.892243 -0.269714 0.362155 -0.238995 -0.962542 -0.128039 0.0479584 0.00959779
-247.049 -22.2699 6.02968 -0.370395 -0.0389492 0.928057 0.290618 0.888216 -0.307215 0.3416 -0.271808 -0.950843 -0.148386 0.0475481 0.0132003
-246.857 -23.1033 6.07472 0.38997 0.0207493 -0.920594 0.305017 -0.891848 0.257347 -0.371993 0.229193 0.966096 0.118863 -0.0485138 -0.00837072
-246.881 -22.6257 6.07793 0.388195 0.0298169 -0.921095 0.306895 -0.878575 0.313719 -0.36012 0.278227 0.949048 0.147981 -0.0471996 -0.0105466
-246.513 -23.5591 6.2255 -0.410775 -0.0164995 0.911587 0.322571 0.86823 -0.312252 0.385585 -0.278283 -0.949856 -0.142591 0.0451797 0.00298691
-246.526 -22.8151 6.23338 -0.403581 -0.026231 0.914568 0.324527 0.868916 -0.324042 0.374142 -0.286544 -0.945679 -0.15357 0.0423419 0.00730951
-246.287 -23.8428 6.32295 -0.424409 -0.00882865 0.905427 0.34428 0.835945 -0.388082 0.388056 -0.347954 -0.921583 -0.172086 0.0425643 -0.00234226
-246.305 -23.3304 6.32005 0.414868 0.0167428 -0.909727 0.340722 -0.84066 0.389567 -0.376202 0.348101 0.920846 0.175694 -0.0428896 -0.00548753
-245.986 -24.1512 6.46705 -0.43685 -0.00422664 0.899525 0.367408 0.798887 -0.461446 0.385807 -0.413451 -0.887159 -0.204959 0.035628 -0.00297777
-246.004 -23.6436 6.4602 0.436176 0.00361459 -0.899854 0.362992 -0.687057 0.647123 -0.33043 0.581122 0.762377 0.284743 -0.0309528 0.000152623
-245.64 -24.5633 6.64569 0.44707 -0.00298839 -0.894494 0.38953 0.729282 0.580258 0.362558 -0.517954 0.814427 -0.261595 0.0123124 -0.0101393
-245.652 -24.0474 6.63731 -0.441261 0.00433333 0.897368 0.386608 0.089015 -0.994845 0.0485752 -0.892953 -0.101314 -0.438601 0.0198054 -0.0195396
-245.296 -24.9748 6.82377 -0.447776 0.00813779 0.894109 0.413902 -0.892445 -0.0657095 -0.446345 0.0551191 -0.997806 0.0366857 -0.0555809 -0.00661742
-245.435 -24.3029 6.74024 0.441429 -0.00962349 -0.897245 0.406358 0.801948 0.452795 0.389688 -0.402518 0.891563 -0.207594 0.0561575 -0.00814385
-244.873 -25.239 7.02976 -0.390567 -0.00273511 0.920571 0.434531 -0.903652 -0.18972 -0.383952 0.175701 -0.981834 0.0716266 -0.0672626 -0.0300387
-244.947 -24.6259 6.98644 0.402759 -0.0297762 -0.914822 0.426379 0.890386 0.244379 0.384047 -0.212128 0.969223 -0.124938 0.0647352 0.0120344
-245.078 -26.5059 6.94306 0.462387 -0.00153803 -0.886677 0.45412 -0.316688 -0.934327 -0.163527 0.828195 -0.356413 0.432508 -0.0183613 -0.00324615
-244.16 -25.7859 7.31102 -0.367923 -0.00191832 0.929854 0.443308 -0.889246 -0.291575 -0.352456 0.271798 -0.956546 0.105571 -0.0353031 -0.0113241
-244.2 -25.1211 7.29664 0.370394 -0.00832528 -0.928837 0.432441 0.924569 0.0994705 0.367801 -0.0893208 0.995007 -0.044537 0.0366724 0.0281945
-247.089 -21.436 6.05334 -0.366246 -0.0553192 0.928872 0.313678 0.912202 -0.218427 0.346665 -0.183713 -0.974284 -0.13046 0.0425866 0.0189026
-246.929 -21.427 6.11149 0.369084 0.0518877 -0.927947 0.331882 -0.902713 0.257544 -0.344646 0.221104 0.964872 0.141895 -0.0437679 -0.0188252
-246.953 -21.7382 6.08294 -0.368525 -0.0470749 0.928425 0.321079 0.888521 -0.311503 0.336891 -0.273348 -0.949079 -0.156624 0.0454178 0.0157945
-246.654 -21.4192 6.23182 -0.381623 -0.0505566 0.922934 0.348377 0.869122 -0.359506 0.339679 -0.314628 -0.931772 -0.181136 0.0423467 0.0202953
-246.592 -21.8471 6.23683 -0.39094 -0.0362009 0.919704 0.336469 0.854578 -0.385398 0.348087 -0.341851 -0.92204 -0.181604 0.0441989 0.0134883
-246.38 -21.5515 6.3361 -0.391581 -0.0474643 0.918919 0.372082 0.751439 -0.592855 0.28959 -0.53104 -0.80391 -0.267817 0.0403348 0.0170679
-246.335 -22.0468 6.33599 0.402957 0.0325923 -0.914638 0.358157 -0.839394 0.411449 -0.355145 0.364752 0.91085 0.193154 -0.0444084 -0.0109252
-245.996 -21.9769 6.49415 -0.410146 -0.0237641 0.91171 0.378426 0.577964 -0.780074 0.239672 -0.705506 -0.625236 -0.333679 0.0358072 0.00368083
-245.987 -22.5186 6.48748 0.41598 0.0238008 -0.909062 0.365286 -0.770022 0.541011 -0.338192 0.483763 0.840679 0.243377 -0.0307742 -0.00280436
-245.706 -22.3117 6.61903 -0.42182 -0.014661 0.906561 0.389293 0.390395 -0.905373 0.167008 -0.818327 -0.424364 -0.387628 0.0294175 -0.0120036
-245.679 -22.79 6.62495 -0.428503 -0.0123036 0.903457 0.384393 0.63728 -0.712945 0.292548 -0.640515 -0.701112 -0.31334 0.0238867 -0.00411264
-245.344 -22.4768 6.78865 -0.416848 -0.00507694 0.908962 0.403839 -0.863259 -0.31093 -0.397625 0.284643 -0.950419 0.125228 -0.0337554 0.0213529
-245.334 -23.2277 6.79154 0.424889 0.00539787 -0.905229 0.401182 0.888547 0.188695 0.418184 -0.173069 0.982021 -0.075378 0.0394538 -0.0119505
-245.005 -22.92 6.94394 0.414604 -0.00413119 -0.909993 0.412239 0.888446 0.2182 0.403797 -0.196892 0.975895 -0.094137 0.0568553 -0.0146591
-244.991 -23.421 6.95341 -0.42041 -0.00126613 0.907333 0.414043 -0.893122 -0.175722 -0.414071 0.159962 -0.984439 0.0727444 -0.0498463 0.0136888
-244.598 -23.1626 7.12359 -0.375334 0.00706415 0.926863 0.418612 -0.926887 -0.00543746 -0.375302 0.00238877 -0.99996 0.0085886 -0.0870163 0.00806758
-244.565 -23.6367 7.14237 0.385099 -0.0183961 -0.922692 0.422617 0.922866 0.0122365 0.384927 -0.0042094 0.999756 -0.0216894 0.0909621 -0.0078392
-244.039 -23.2469 7.33265 -0.3167 -0.00642504 0.948504 0.410633 -0.943902 0.100746 -0.314481 0.0935375 0.994891 0.0379709 -0.0573874 -0.000707937
-243.495 -22.6349 7.50684 0.30541 0.00290071 -0.952217 0.383049 0.866068 -0.416494 0.27651 -0.395791 -0.909134 -0.129714 0.0288983 -0.00908467
-243.303 -22.3438 7.57549 0.311833 0.0161163 -0.95 0.370159 0.845316 -0.461228 0.269647 -0.433821 -0.887135 -0.15745 0.0203405 -0.0115576
-243.14 -22.9917 7.61411 -0.296133 -0.0112529 0.955081 0.352697 -0.872405 0.410284 -0.265664 0.388865 0.911888 0.131316 -0.0221255 0.00807929
-242.778 -22.5902 7.73027 0.304901 0.0237957 -0.952087 0.333441 -0.639378 -0.7358 -0.223148 0.705855 -0.676781 0.209131 -0.0242151 0.017984
-242.674 -23.1919 7.75069 -0.296989 -0.0179137 0.954713 0.30874 0.908103 0.3038 0.28819 -0.295204 0.952567 -0.0739578 0.0330387 -0.00899289
-242.252 -23.5291 7.87404 0.317216 0.0406489 -0.947482 0.256557 -0.887004 -0.340787 -0.311589 0.335555 -0.939261 0.0720475 -0.0398727 0.00651043
-241.841 -23.5596 8.00779 -0.324127 -0.0411592 0.945118 0.217776 0.868388 0.383388 0.314509 -0.375291 0.92267 -0.0885242 0.0415517 -0.00824951
-241.875 -24.4126 7.964 0.311944 0.0364335 -0.949402 0.186172 -0.766622 -0.580621 -0.27417 0.561232 -0.813358 0.153191 -0.0242365 0.000861555
-241.202 -25.5089 8.12922 -0.322012 -0.0444236 0.945693 0.0771573 0.554129 0.801076 0.226313 -0.767625 0.596912 -0.23334 0.0209224 0.000417846
-241.214 -26.7491 8.08347 0.304511 0.0272007 -0.952121 0.0421415 -0.639994 -0.734494 -0.225669 0.705465 -0.67807 0.206253 -0.0166303 0.00174702
-241.042 -26.1335 8.15993 -0.317155 -0.0356767 0.947703 0.0400567 0.58811 0.776549 0.226048 -0.744002 0.629046 -0.225304 0.0221821 -0.00138856
-241.008 -25.5575 8.18928 -0.323397 -0.0442488 0.945228 0.0621117 0.57743 0.782136 0.234174 -0.749659 0.621534 -0.22739 0.0211616 0.00180972
-240.73 -26.2649 8.2522 -0.315981 -0.0386482 0.947978 0.023845 0.683642 0.683543 0.25574 -0.657867 0.728887 -0.189565 0.0239162 0.00333544
-240.977 -26.4621 8.16964 0.309586 0.0314569 -0.950351 0.0260432 -0.62267 -0.748646 -0.227621 0.718637 -0.662223 0.212183 -0.0202103 0.00162275
-240.508 -26.514 8.31963 -0.312217 -0.0368255 0.949297 0.00750226 0.724179 0.63753 0.262908 -0.614887 0.769545 -0.172379 0.022193 0.00336771
-240.7 -26.7645 8.24671 -0.309606 -0.0295227 0.950406 0.00806197 0.745754 0.612556 0.261966 -0.589911 0.789876 -0.167635 0.0208087 0.00153148
-240.206 -26.7458 8.4121 -0.316966 -0.0377003 0.947687 0.00644531 0.778 0.56115 0.282536 -0.542446 0.826855 -0.148535 0.0236493 0.00401412
-240.47 -26.9594 8.31624 0.308866 0.030539 -0.950615 0 -0.763085 -0.588638 -0.266845 0.567718 -0.807819 0.158506 -0.0203013 -0.000995097
-240.175 -27.1466 8.4079 0.31337 0.0340794 -0.949019 0.00342047 -0.806434 -0.518168 -0.284896 0.501461 -0.854599 0.134896 -0.0215772 -0.00229954
-241.707 -23.0155 8.07732 -0.340715 -0.037064 0.939436 0.234112 0.807256 0.500662 0.312529 -0.481924 0.864849 -0.140663 0.0327753 -0.00451737
-241.474 -22.8937 8.16477 -0.350254 -0.0506367 0.935285 0.232145 0.815998 0.473743 0.331231 -0.459858 0.879206 -0.124611 0.0196243 -0.00441919
-241.456 -23.392 8.15214 0.337737 0.0506093 -0.939879 0.196314 -0.884483 -0.324444 -0.335301 0.321907 -0.94455 0.0648134 -0.0273723 0.0123247
-241.23 -23.0929 8.25074 0.353452 0.0532794 -0.933934 0.204995 -0.852003 -0.39386 -0.344914 0.386216 -0.917625 0.0938163 -0.0187107 0.00549999
-241.063 -23.7958 8.27136 -0.347366 -0.0581509 0.935925 0.160296 0.883382 0.314552 0.347409 -0.314599 0.947457 -0.0578955 0.0216339 -0.00969631
-240.934 -23.6894 8.32195 -0.35062 -0.0616214 0.934488 0.166132 0.879455 0.321318 0.35116 -0.321907 0.944964 -0.0584675 0.0204871 -0.0092573
-240.839 -24.237 8.32138 -0.349253 -0.0607775 0.935055 0.128966 0.705994 0.639065 0.305235 -0.616113 0.766748 -0.180287 0.0261622 -0.00811426
-240.882 -24.8083 8.27966 -0.326712 -0.0561599 0.943454 0.0870008 0.559757 0.792827 0.241034 -0.761533 0.606853 -0.22759 0.0204188 -0.00579495
-240.629 -25.4701 8.32563 0.323516 0.04898 -0.944954 0.0459664 -0.614478 -0.748552 -0.249173 0.719552 -0.661265 0.212071 -0.0206649 -0.00389564
-240.637 -24.9633 8.3475 -0.332997 -0.0549641 0.941325 0.078425 0.595134 0.762086 0.255029 -0.731388 0.645139 -0.221061 0.0194037 -0.000525224
-240.408 -25.7055 8.39273 -0.324956 -0.0496648 0.944424 0.0336769 0.675478 0.686746 0.268532 -0.661916 0.725198 -0.189615 0.0209532 0.00389249
-240.431 -25.2306 8.41062 -0.330943 -0.0563365 0.941968 0.0565201 0.666519 0.692675 0.275596 -0.668003 0.719046 -0.191687 0.0178789 0.00484693
-240.123 -25.9775 8.47641 0.325028 0.046379 -0.944566 0.0284549 -0.764226 -0.575451 -0.291228 0.557059 -0.81652 0.151594 -0.0251998 -0.00704785
-240.152 -25.5261 8.49119 0.33375 0.0531445 -0.941162 0.0463154 -0.733362 -0.612665 -0.294656 0.592276 -0.788554 0.165503 -0.019789 -0.00545208
-240.013 -26.9184 8.47202 -0.318756 -0.0362641 0.947143 0.00961491 0.811009 0.506754 0.292344 -0.49057 0.861328 -0.13212 0.0241144 0.00447338
-239.909 -26.4099 8.52449 -0.328443 -0.0440648 0.943496 0.0309145 0.785662 0.541714 0.298799 -0.524271 0.839407 -0.143302 0.0283186 0.00544483
-239.917 -25.9384 8.54381 0.333489 0.0506408 -0.941393 0.0485748 -0.821027 -0.475183 -0.316411 0.463357 -0.878428 0.116891 -0.0247961 -0.00718964
-239.506 -26.0892 8.69369 -0.339444 -0.0490548 0.939346 0.0685364 0.807096 0.497692 0.317645 -0.483087 0.865966 -0.129347 0.0305405 0.00782765
-239.831 -26.4798 8.54571 -0.32841 -0.0440212 0.943509 0.0377883 0.791762 0.531854 0.300406 -0.515033 0.845691 -0.139812 0.0283023 0.00518602
-239.155 -26.3317 8.80887 0.350864 0.0539484 -0.934871 0.101926 -0.77496 -0.5437 -0.322223 0.525673 -0.837544 0.148957 -0.0282423 -0.00951151
-239.445 -26.5682 8.68534 -0.335904 -0.042219 0.94095 0.0630309 0.817777 0.482601 0.313587 -0.467342 0.874822 -0.127582 0.0306152 0.00571865
-240.733 -23.8069 8.3897 -0.354756 -0.0644974 0.932732 0.158243 0.867941 0.348178 0.354189 -0.347601 0.935207 -0.0675383 0.018141 -0.00901003
-240.527 -23.7478 8.47841 -0.359339 -0.0638394 0.931021 0.160696 0.845403 0.400205 0.353736 -0.395181 0.914199 -0.0898393 0.0140601 -0.00953263
-240.522 -24.1903 8.44681 -0.342091 -0.0649286 0.937421 0.126069 0.649974 0.704102 0.285962 -0.678607 0.707124 -0.198665 0.0191713 -0.00901517
-240.053 -24.9656 8.55586 0.335417 0.0609093 -0.940099 0.09278 -0.685631 -0.66858 -0.287943 0.646069 -0.741142 0.182491 -0.0186474 -0.00367767
-239.707 -25.0914 8.68419 -0.338988 -0.0582806 0.938984 0.100997 0.705684 0.644306 0.294754 -0.622172 0.762544 -0.177284 0.0152603 0.00545718
-249.552 -24.314 5.08987 -0.278595 -0.0498914 0.959112 0.364739 0.938153 -0.227879 0.260653 -0.205557 -0.97241 -0.110292 0.0476178 -0.0153442
-249.162 -24.6587 5.17986 -0.303383 -0.0487056 0.951623 0.345879 0.930262 -0.231391 0.28473 -0.206329 -0.971641 -0.115509 0.0452596 -0.0122783
-248.92 -24.8964 5.24157 0.311474 0.0477005 -0.949057 0.334416 -0.924811 0.244783 -0.291213 0.218422 0.968404 0.120357 -0.0444429 0.0119945
-249.128 -25.121 5.16628 -0.316189 -0.0613846 0.946708 0.363979 0.917147 -0.274988 0.288485 -0.242625 -0.959486 -0.143247 0.0426962 -0.0156717
-248.619 -25.2055 5.32253 0.333144 0.0497222 -0.941564 0.332901 -0.908446 0.28432 -0.306412 0.25247 0.957439 0.139889 -0.0450493 0.0110202
-248.887 -25.3517 5.22731 0.329173 0.0535092 -0.942752 0.356085 -0.907757 0.29288 -0.30033 0.260043 0.954651 0.144981 -0.0430252 0.0112002
-248.319 -25.7063 5.4111 -0.352885 -0.0486734 0.9344 0.332669 0.895094 -0.308447 0.321974 -0.272541 -0.949996 -0.152413 0.0499591 -0.00924624
-248.455 -25.5368 5.37266 -0.343732 -0.0486424 0.937807 0.329226 0.901597 -0.296382 0.315087 -0.262622 -0.95383 -0.145732 0.0464459 -0.0103577
-248.576 -25.6408 5.31413 -0.339862 -0.0492618 0.939184 0.352404 0.90296 -0.296332 0.31121 -0.262979 -0.953814 -0.145193 0.0459029 -0.010234
-248.2 -26.1308 5.43436 -0.371995 -0.0481053 0.926988 0.350923 0.877485 -0.343911 0.334283 -0.30272 -0.937769 -0.170145 0.0600002 -0.00810355
-248.324 -26.1472 5.38144 -0.360283 -0.0501143 0.931496 0.361238 0.886395 -0.329557 0.325109 -0.290688 -0.942805 -0.163155 0.0518501 -0.0078661
-247.921 -26.4624 5.52362 -0.397861 -0.0420186 0.916483 0.362339 0.849133 -0.395117 0.350508 -0.34739 -0.917669 -0.192881 0.0708258 -0.00540034
-248.18 -26.5693 5.41556 0.375412 0.0453344 -0.925749 0.3784 -0.841539 0.435252 -0.319948 0.38843 0.899166 0.20155 -0.0655687 0.00607245
-247.693 -26.7243 5.60678 -0.406444 -0.0323382 0.913103 0.373956 0.831058 -0.42836 0.354753 -0.379665 -0.903029 -0.200979 0.0764754 -0.00599316
-247.895 -26.9123 5.51025 -0.410302 -0.0399397 0.911075 0.389659 0.832974 -0.423087 0.356582 -0.371222 -0.905208 -0.206862 0.0776308 -0.00697787
-247.419 -27.3563 5.72289 -0.462757 -0.0108221 0.886419 0.391544 0.703871 -0.612355 0.359981 -0.538908 -0.790509 -0.290989 0.0646613 -0.0035292
-247.737 -27.3427 5.5693 -0.433326 -0.0284333 0.900789 0.403984 0.79759 -0.477469 0.368611 -0.419618 -0.878189 -0.229578 0.0777574 -0.00288198
-247.304 -27.9219 5.77423 -0.475277 0.00855313 0.879795 0.413605 0.652187 -0.667762 0.358812 -0.590562 -0.744326 -0.311794 0.0478127 0.000408641
-247.548 -27.9759 5.64686 0.471604 -0.00364725 -0.881803 0.427346 -0.674383 0.642804 -0.363331 0.568152 0.766022 0.30069 -0.0567528 -0.00199317
-248.215 -25.2858 5.47431 0.34713 0.0445073 -0.93676 0.305495 -0.907518 0.267792 -0.323571 0.236456 0.962448 0.13335 -0.0486331 0.0092576
-247.987 -25.1792 5.56037 -0.359332 -0.0386228 0.93241 0.298641 0.903782 -0.263335 0.337392 -0.232505 -0.963931 -0.129531 0.0521785 -0.00886539
-247.967 -25.5833 5.55019 -0.369419 -0.0433414 0.928252 0.316186 0.887118 -0.313866 0.338394 -0.27668 -0.948478 -0.154397 0.0588815 -0.00883625
-247.78 -25.3828 5.62964 -0.377542 -0.0356933 0.925304 0.30848 0.888615 -0.295004 0.351193 -0.260433 -0.954829 -0.143094 0.0587297 -0.00926496
-247.754 -25.8235 5.62149 -0.379792 -0.0441598 0.924017 0.327804 0.87883 -0.329079 0.345492 -0.288818 -0.943269 -0.163791 0.0617285 -0.00820778
-247.627 -25.7521 5.6814 -0.386494 -0.0371132 0.921545 0.322283 0.874311 -0.332826 0.353281 -0.293603 -0.942258 -0.161084 0.0621513 -0.00902615
-247.462 -26.1421 5.73653 0.406842 0.0343234 -0.912854 0.339915 -0.844614 0.394822 -0.361583 0.348004 0.918116 0.18962 -0.0685638 0.00653266
-247.345 -26.0416 5.79755 -0.414733 -0.0245017 0.909613 0.33056 0.837059 -0.402277 0.370816 -0.356831 -0.91519 -0.187347 0.0649265 -0.00704037
-247.217 -26.2316 5.85212 -0.433937 -0.0171631 0.90078 0.337478 0.819329 -0.423338 0.386634 -0.374698 -0.905809 -0.197764 0.0651791 -0.00656672
-247.237 -26.7242 5.82922 -0.447142 -0.0140871 0.894352 0.35755 0.763956 -0.526068 0.373662 -0.465227 -0.850326 -0.245989 0.0636945 -0.00780834
-247.122 -27.2404 5.87923 -0.461137 -0.00897587 0.887284 0.377062 0.689929 -0.632436 0.35217 -0.557989 -0.774561 -0.297832 0.0625605 -0.00540285
-247.12 -26.7354 5.88817 -0.447142 -0.0140872 0.894352 0.356378 0.763956 -0.526069 0.373662 -0.465227 -0.850326 -0.245989 0.0636945 -0.00780835
-247.129 -28.436 5.88764 0.489329 -0.021079 -0.871845 0.418592 -0.513842 0.800782 -0.307758 0.704645 0.598585 0.381014 -0.0205028 0.00418767
-247.019 -27.9721 5.94442 -0.48416 0.0149294 0.874852 0.394093 0.47435 -0.835696 0.276776 -0.735242 -0.54899 -0.397529 0.025238 -0.00728044
-246.873 -27.3836 6.01811 -0.47339 0.00496617 0.880839 0.37291 0.596049 -0.734467 0.324476 -0.648558 -0.678626 -0.344729 0.0423939 -0.00676993
-246.622 -27.6758 6.15499 0.478896 -0.0141116 -0.877758 0.386691 -0.442948 0.859375 -0.255484 0.757928 0.511152 0.405301 -0.0234847 0.0119778
-246.811 -27.9997 6.05509 -0.48416 0.0149294 0.874852 0.397808 0.47435 -0.835696 0.276776 -0.735242 -0.54899 -0.397529 0.025238 -0.00728044
-246.337 -27.8825 6.32042 0.473029 -0.0189558 -0.880843 0.400824 0.823845 0.363885 0.434589 -0.312288 0.931251 -0.187745 0.0190326 -0.0142867
-246.573 -28.0662 6.19157 -0.483888 0.0212771 0.874871 0.400659 0.364104 -0.904175 0.223374 -0.795789 -0.426633 -0.429772 0.0166036 -0.0126023
-246.18 -28.0515 6.40894 0.474881 -0.0218892 -0.879778 0.418136 0.842355 0.300751 0.447199 -0.254805 0.953452 -0.161259 0.019582 -0.011046
-246.312 -28.0404 6.33096 0.473595 -0.0205768 -0.880502 0.414234 0.828344 0.350089 0.43736 -0.299254 0.936491 -0.182845 0.0190609 -0.0149989
-247.107 -25.7911 5.9142 -0.41304 -0.0242271 0.91039 0.327381 0.843202 -0.387881 0.372235 -0.344105 -0.921391 -0.180639 0.0619758 -0.00690421
-246.884 -25.6896 6.02232 -0.429587 -0.0109445 0.902959 0.329334 0.834707 -0.386342 0.392433 -0.344556 -0.922291 -0.175103 0.0560681 -0.00573426
-246.877 -26.1413 6.01952 -0.44157 -0.0100171 0.897171 0.339982 0.79514 -0.467605 0.386132 -0.415654 -0.883881 -0.214446 0.0503861 -0.00626171
-246.69 -25.9447 6.11193 -0.447348 -0.00723451 0.894331 0.345859 0.786135 -0.480003 0.389345 -0.426465 -0.877237 -0.220416 0.0386382 -0.00458757
-246.683 -26.6826 6.11571 0.461581 0.00399136 -0.887089 0.357243 -0.667636 0.660026 -0.344423 0.584127 0.751232 0.307321 -0.0355613 0.00993528
-246.42 -26.54 6.25402 0.459268 -0.000222611 -0.888298 0.364422 -0.679638 0.643821 -0.351548 0.571983 0.765176 0.295535 -0.0296666 0.00334509
-246.398 -27.027 6.26923 -0.466034 0.0125625 0.884678 0.37457 0.496059 -0.824249 0.27302 -0.732624 -0.566089 -0.377896 0.0247098 -0.0112252
-246.192 -26.7659 6.37293 -0.461369 0.0071614 0.887179 0.382447 0.52419 -0.804569 0.279094 -0.715796 -0.593816 -0.367449 0.0197883 -0.0030593
-246.179 -27.2313 6.38637 0.464856 -0.0158418 -0.885245 0.39365 -0.29446 0.940159 -0.17145 0.834986 0.340369 0.432374 -0.0164593 0.0147067
-245.937 -27.1422 6.51312 0.461268 -0.0169522 -0.887099 0.408215 0.862188 0.244568 0.443642 -0.209435 0.969484 -0.127427 0.0127208 -0.0111092
-245.96 -27.5984 6.51196 -0.464617 0.0177963 0.885333 0.419166 -0.873288 -0.174758 -0.454783 0.146626 -0.984451 0.0967368 -0.0178292 0.0061527
-245.266 -27.6553 6.87359 0.455754 -0.019809 -0.889885 0.477866 0.879896 -0.140964 0.453776 -0.134431 -0.989816 -0.0468153 0.00867808 -0.00407009
-245.556 -27.5871 6.718 0.459052 -0.0184957 -0.888217 0.457155 0.888333 -0.00355737 0.459186 0.0116532 0.999823 -0.0147971 0.0145826 -0.00403142
-244.877 -27.9225 7.07087 0.45242 -0.019894 -0.891583 0.507422 0.868879 -0.215397 0.445706 -0.200911 -0.976324 -0.0801644 0.00840626 -0.00231343
-245.269 -28.1266 6.88106 -0.456547 0.0177135 0.889523 0.502614 -0.88032 -0.153786 -0.448762 0.128847 -0.987945 0.085804 -0.0138833 -0.00208009
-245.08 -26.984 6.94912 -0.458294 0.0145587 0.888682 0.46791 0.22886 0.968084 0.102164 -0.858831 0.250205 -0.446998 0.0134015 -0.00341053
-241.218 -28.1172 8.05137 0.294041 0.0210432 -0.955561 0.0400068 -0.679097 -0.69892 -0.22436 0.672582 -0.71489 0.191221 -0.0108696 0.00468278
-241.037 -28.3473 8.10167 -0.292709 -0.0226966 0.955932 0.030506 0.755928 0.606729 0.245873 -0.585572 0.794585 -0.160438 0.0126993 -0.00203663
-241.203 -28.5546 8.04831 -0.289625 -0.0207925 0.956914 0.0448252 0.732232 0.639041 0.235507 -0.616404 0.768892 -0.169857 0.0086245 -0.00172673
-241.016 -28.7231 8.10275 -0.289351 -0.0206789 0.957 0.0335314 0.839352 0.47515 0.264047 -0.460178 0.879662 -0.120128 0.00994692 0.000776423
-241.22 -27.2136 8.07031 -0.301455 -0.0240558 0.953177 0.0371059 0.650424 0.725784 0.224022 -0.69719 0.687502 -0.203145 0.0137404 -0.00351022
-241.065 -27.0242 8.12357 -0.306096 -0.0262577 0.951638 0.0266872 0.688434 0.684329 0.240318 -0.657544 0.7287 -0.191394 0.0183806 -0.00138344
-241.052 -27.4532 8.11643 -0.301738 -0.0246179 0.953073 0.02335 0.733974 0.632006 0.248697 -0.608471 0.774572 -0.172632 0.0172198 -0.00319985
-240.937 -27.3915 8.15834 -0.302527 -0.0253785 0.952803 0.0117817 0.732635 0.633247 0.249488 -0.609691 0.773534 -0.172981 0.0171422 -0.00283054
-240.936 -27.8486 8.14777 -0.296888 -0.0216847 0.954666 0.0130906 0.782932 0.566832 0.256356 -0.546695 0.823548 -0.151308 0.0161302 -0.00199501
-240.782 -28.5367 8.17624 0.291584 0.0215706 -0.956302 0.0211029 -0.877145 -0.392774 -0.276308 0.38157 -0.919382 0.0956062 -0.0146374 -0.00170468
-240.726 -28.0394 8.20491 0.294919 0.0239623 -0.955222 0.00782364 -0.811612 -0.521316 -0.263658 0.50429 -0.853027 0.134298 -0.0172557 0.000463784
-240.616 -27.6586 8.24901 0.300936 0.0255212 -0.953303 2.6844e-05 -0.77202 -0.580325 -0.259245 0.559842 -0.813985 0.154938 -0.0173355 0.00204599
-240.173 -27.7498 8.38773 -0.307182 -0.0321831 0.951107 0.00527948 0.865885 0.405189 0.293368 -0.39482 0.913666 -0.0965998 0.0203646 0.00404936
-240.247 -27.6856 8.3675 -0.307201 -0.0318152 0.951113 0.00218941 0.848905 0.442542 0.288992 -0.430101 0.896183 -0.108941 0.0201424 0.00303474
-240.491 -27.9109 8.27991 -0.298562 -0.0286607 0.95396 0.0039842 0.800875 0.536133 0.266758 -0.519095 0.843647 -0.137115 0.0184065 0.000222283
-240.058 -28.1564 8.40995 -0.310076 -0.0277509 0.950307 0.0205437 0.930115 0.198083 0.309272 -0.196822 0.979792 -0.0356092 0.0230102 0.00638218
-240.18 -28.2123 8.37106 -0.303322 -0.027306 0.952497 0.0156402 0.918702 0.256962 0.299927 -0.252946 0.966036 -0.0528564 0.0210923 0.00462462
-239.867 -28.4017 8.46189 -0.310735 -0.0259875 0.950141 0.0454759 0.940093 0.139096 0.311253 -0.140249 0.989938 -0.0187912 0.024751 0.00723655
-240.045 -28.6123 8.40088 -0.307309 -0.0250344 0.951281 0.036916 0.94278 0.127852 0.307927 -0.129332 0.991477 -0.0156883 0.0244184 0.00667322
-239.847 -28.805 8.45925 0.312152 0.0241012 -0.949726 0.0613568 -0.946282 -0.0808487 -0.313072 0.0843281 -0.996435 0.00243013 -0.0280199 -0.00715553
-240.073 -27.2735 8.4352 -0.311996 -0.0319731 0.949545 0.00770899 0.838103 0.461465 0.290917 -0.447483 0.886582 -0.117178 0.0211949 0.00464321
-239.909 -27.0521 8.49856 -0.318378 -0.0344247 0.947338 0.0197815 0.846947 0.43856 0.300576 -0.425812 0.898043 -0.110472 0.0243952 0.00484329
-239.886 -27.4719 8.48795 0.313435 0.0330415 -0.949035 0.0220831 -0.876673 -0.374037 -0.302558 0.364971 -0.926825 0.0882695 -0.0222195 -0.00528707
-239.62 -27.3189 8.58803 -0.321644 -0.0354729 0.946196 0.0378317 0.86253 0.401281 0.308247 -0.390625 0.915268 -0.0984731 0.0233028 0.00545641
-239.615 -27.793 8.57174 0.31888 0.0307531 -0.947296 0.0436137 -0.934543 -0.156349 -0.319663 0.15794 -0.987223 0.0211166 -0.0228502 -0.00638261
-239.594 -28.5985 8.55773 -0.321475 -0.0253556 0.946579 0.0659747 0.945359 0.0487529 0.322367 0.0543238 -0.998489 -0.00829677 0.0291428 0.0070035
-239.459 -27.9143 8.62415 -0.321857 -0.0306958 0.946291 0.0586766 0.941165 0.0983956 0.323305 -0.103034 0.994674 -0.00277928 0.0231901 0.00669964
-247.207 -28.7955 5.8492 0.489882 -0.0220589 -0.87151 0.440471 -0.530152 0.786053 -0.317898 0.692066 0.617765 0.373379 -0.0208191 0.00459983
-247.098 -28.9881 5.91515 0.493332 -0.0238115 -0.869515 0.449975 -0.366634 0.900799 -0.232683 0.788798 0.433584 0.435663 -0.0139809 0.00874515
-247.003 -28.8498 5.97479 -0.490821 0.023097 0.870954 0.431211 0.440209 -0.856092 0.27078 -0.751871 -0.516307 -0.410021 0.0153889 -0.00673392
-246.636 -28.5716 6.16929 -0.48813 0.0221201 0.872491 0.422526 0.323539 -0.923867 0.204432 -0.810587 -0.382075 -0.44381 0.012464 -0.0117568
-246.942 -28.9588 6.00758 -0.491226 0.0216918 0.870762 0.441969 0.37026 -0.899674 0.231288 -0.788419 -0.436023 -0.433912 0.0136513 -0.00855974
-246.367 -28.4699 6.31534 -0.484741 0.0222922 0.874373 0.429606 -0.826272 -0.339555 -0.449418 0.286879 -0.940322 0.183016 -0.0148645 0.0123796
-246.642 -28.8026 6.17137 0.488254 -0.0224718 -0.872413 0.436791 -0.341992 0.914786 -0.214962 0.802901 0.403314 0.438962 -0.0125334 0.0112822
-245.509 -28.7474 6.76486 0.464514 -0.0136652 -0.88546 0.533101 0.880374 0.115244 0.460066 -0.0957575 0.993243 -0.0655631 0.0306419 0.00172887
-245.159 -28.8536 6.95013 0.453881 -0.0177526 -0.890885 0.560943 0.891061 0.0074541 0.453822 0.00141611 0.999815 -0.0192017 0.0188581 0.00241991
-241.171 -30.3271 8.02125 0.285949 0.0201437 -0.958033 0.120767 -0.957891 -0.0211535 -0.286352 -0.026034 0.999573 0.0132466 -0.006332 0.00189801
-241.438 -30.4811 7.94102 -0.286596 -0.0221354 0.957796 0.146283 -0.204519 0.978101 -0.0385925 0.935967 0.206948 0.284848 -0.00262711 0.00028075
-241.026 -30.6917 8.06474 0.283415 0.021169 -0.958764 0.134638 -0.95087 -0.123679 -0.283813 0.124587 -0.992096 0.0149235 -0.00721446 0.0039357
-241.147 -30.76 8.01992 -0.286407 -0.021873 0.957859 0.150402 -0.90404 -0.324924 -0.277734 0.317306 -0.945487 0.0732865 -0.00155015 0.000128843
-240.839 -30.9158 8.1095 -0.287162 -0.0200631 0.957672 0.159634 -0.883825 -0.379916 -0.272978 0.369312 -0.924803 0.0913653 -0.00214468 0.00151281
-241.253 -29.4805 8.01097 -0.287664 -0.0199593 0.957524 0.0847695 0.953409 0.0889066 0.288281 -0.0908831 0.99584 -0.00654556 0.00808347 0.00180698
-241.073 -29.2018 8.07155 -0.287126 -0.0189588 0.957705 0.0592341 0.937686 0.198716 0.285058 -0.195716 0.979874 -0.0392791 0.00926249 0.00296434
-241.063 -29.3848 8.08118 -0.28722 -0.0197073 0.957662 0.0570698 0.948805 0.131328 0.287266 -0.13143 0.991143 -0.0190218 0.00934204 0.00243581
-241.063 -29.8187 8.07166 -0.287496 -0.0184075 0.957605 0.0784248 0.957137 -0.0421997 0.286545 -0.035136 -0.99894 -0.0297508 0.00751129 -0.00127783
-240.856 -30.064 8.12207 0.286759 0.0190401 -0.957814 0.0939403 -0.95797 0.0140331 -0.286526 0.0079857 0.99972 0.022264 -0.00752584 0.00172882
-240.868 -29.624 8.12822 0.287785 0.0198186 -0.95749 0.067551 -0.95737 -0.0200724 -0.288165 -0.0249294 0.999602 0.0131974 -0.0116167 -0.00286054
-240.597 -29.9417 8.20058 -0.293757 -0.0150058 0.955762 0.08756 0.951442 -0.100836 0.290846 -0.0920113 -0.99479 -0.0438985 0.0151762 0.00166703
-239.922 -31.2261 8.40679 -0.298415 -0.014014 0.954333 0.250002 -0.953283 -0.0447675 -0.298743 0.0469097 -0.998899 0 -0 -0
-240.892 -28.7593 8.14099 -0.291074 -0.02107 0.956469 0.030782 0.876913 0.393831 0.275539 -0.382492 0.918941 -0.0961572 0.0135285 0.00143011
-240.644 -28.5863 8.21684 0.293526 0.0232045 -0.955669 0.0177777 -0.881674 -0.37979 -0.280021 0.369451 -0.924782 0.0910195 -0.0156145 -0.00227349
-240.62 -29.0169 8.21459 0.290777 0.0201575 -0.956578 0.0333593 -0.925265 -0.248605 -0.286497 0.243586 -0.968395 0.0536378 -0.0143681 -0.00378418
-240.427 -28.8045 8.27517 -0.292062 -0.0214861 0.956158 0.0313046 0.91003 0.301277 0.284742 -0.294187 0.953294 -0.0684388 0.0162857 0.00397434
-240.484 -29.426 8.24762 -0.293215 -0.0174408 0.955887 0.0583789 0.956011 0.00329307 0.293313 0.00826527 -0.999842 -0.0157074 0.0151534 0.00610779
-240.157 -29.1529 8.35196 -0.3016 -0.0208955 0.953206 0.0596992 0.0691165 -0.997609 0 -0.950926 -0.0658823 -0.302323 0.0232114 0.00614258
-239.996 -29.4968 8.39464 -0.306 -0.01909 0.95184 0.0898982 0.942871 0.132284 0.30577 -0.131751 0.991028 -0.0224796 0.0267718 0.00774569
-239.836 -29.6216 8.44938 0.310368 0.0171225 -0.950462 0.108216 -0.928122 -0.210761 -0.306869 0.205575 -0.977388 0.0495217 -0.0248204 -0.00744323
-239.821 -30.083 8.4484 -0.302861 -0.0117294 0.952963 0.145522 0.943124 0.140138 0.301459 -0.137082 0.990063 -0.0313798 0.0197649 0.00901639
-239.565 -28.9908 8.56088 -0.321232 -0.0224521 0.946734 0.0881197 0.942381 0.0910487 0.321914 -0.0934273 0.995593 -0.00808952 0.0315862 0.00698945
-239.364 -28.7268 8.63374 0.325241 0.0250652 -0.945299 0.0986526 -0.945112 -0.0245034 -0.325826 -0.0313303 0.999385 0.0157198 -0.027175 -0.00712798
-247.337 -29.811 5.80062 0.504174 -0.0324978 -0.862991 0.514055 -0.3559 0.902669 -0.241915 0.786857 0.429106 0.443536 -0.0254793 0.0118379
-246.971 -29.4219 6.00477 -0.498696 0.0285945 0.866305 0.4713 0.365303 -0.899425 0.239977 -0.786039 -0.436139 -0.438094 0.0199979 -0.00961029
-247.103 -29.7202 5.93861 -0.501117 0.0281502 0.864922 0.493892 0.38278 -0.889169 0.250714 -0.776119 -0.456711 -0.434802 0.0213037 -0.0118607
-246.676 -29.2411 6.16632 0.494439 -0.0271304 -0.868789 0.463295 -0.358989 0.903911 -0.232533 0.791616 0.426859 0.43719 -0.0184713 0.00962908
-247.094 -30.0767 5.96203 -0.512461 0.0444468 0.857559 0.515291 0.409044 -0.865444 0.289292 -0.755027 -0.499031 -0.425326 0.0455607 -0.00994433
-241.334 -31.6769 7.94514 0.288278 0.0192667 -0.957353 0.231065 -0.578831 0.799955 -0.158198 0.762791 0.599751 0.241761 -0.00530368 0.000354729
